 success, AU01_r, AU02_r, AU04_r, AU05_r, AU06_r, AU09_r, AU10_r, AU12_r, AU14_r, AU15_r, AU17_r, AU20_r, AU25_r, AU26_r
1,0.0,0.0,0.0,0.0,0.0,0.0,0.0,0.0,0.52,0.0,0.66,0.0,0.0,0.0
1,0.0,0.0,0.0,0.0,0.0,0.0,0.0,0.14,0.86,0.0,0.61,0.0,0.0,0.0
1,0.0,0.0,0.0,0.0,0.0,0.0,0.0,0.14,0.96,0.14,0.65,0.0,0.0,0.0
1,0.0,0.0,0.0,0.0,0.0,0.0,0.0,0.08,0.81,0.14,0.83,0.0,0.0,0.0
1,0.0,0.09,0.0,0.0,0.0,0.03,0.0,0.02,0.69,0.24,1.04,0.0,0.0,0.11
1,0.0,0.09,0.0,0.0,0.0,0.1,0.0,0.02,0.66,0.22,1.2,0.0,0.0,0.37
1,0.0,0.09,0.0,0.0,0.0,0.17,0.0,0.01,0.83,0.41,1.29,0.0,0.0,0.48
1,0.0,0.0,0.0,0.0,0.0,0.18,0.0,0.0,0.91,0.41,1.18,0.0,0.0,0.65
1,0.0,0.05,0.0,0.0,0.0,0.12,0.0,0.0,0.9,0.54,1.08,0.0,0.0,0.42
1,0.0,0.05,0.0,0.11,0.0,0.19,0.0,0.0,0.9,0.62,1.0,0.0,0.0,0.5
1,0.0,0.1,0.0,0.11,0.0,0.2,0.0,0.0,0.91,0.81,0.97,0.0,0.0,0.33
1,0.0,0.05,0.0,0.11,0.0,0.2,0.0,0.0,0.93,0.56,0.99,0.0,0.0,0.52
1,0.0,0.05,0.0,0.05,0.0,0.05,0.0,0.0,0.69,0.29,1.11,0.0,0.0,0.49
1,0.0,0.0,0.0,0.16,0.0,0.0,0.0,0.0,0.56,0.0,1.18,0.0,0.0,0.5
1,0.0,0.0,0.0,0.27,0.0,0.0,0.0,0.0,0.51,0.0,1.28,0.0,0.0,0.3
1,0.01,0.1,0.0,0.31,0.0,0.0,0.0,0.0,0.53,0.0,1.19,0.0,0.0,0.17
1,0.04,0.1,0.0,0.22,0.0,0.0,0.0,0.0,0.41,0.0,1.23,0.0,0.0,0.15
1,0.04,0.18,0.0,0.27,0.0,0.0,0.0,0.0,0.29,0.0,1.1,0.0,0.0,0.21
1,0.09,0.12,0.0,0.38,0.0,0.0,0.0,0.0,0.16,0.0,1.16,0.0,0.0,0.22
1,0.05,0.16,0.0,0.43,0.0,0.0,0.0,0.0,0.13,0.0,1.17,0.0,0.0,0.13
1,0.05,0.1,0.0,0.3,0.0,0.0,0.0,0.0,0.09,0.0,1.29,0.0,0.0,0.05
1,0.0,0.05,0.0,0.1,0.0,0.0,0.0,0.0,0.15,0.0,1.34,0.0,0.0,0.0
1,0.05,0.18,0.0,0.02,0.0,0.0,0.0,0.0,0.16,0.0,1.33,0.0,0.0,0.0
1,0.05,0.16,0.0,0.0,0.0,0.0,0.0,0.0,0.4,0.0,1.39,0.07,0.0,0.18
1,0.05,0.16,0.0,0.0,0.0,0.0,0.0,0.0,0.62,0.0,1.2,0.23,0.0,0.26
1,0.01,0.0,0.0,0.0,0.0,0.0,0.0,0.0,0.77,0.0,1.07,0.35,0.0,0.37
1,0.03,0.0,0.03,0.0,0.0,0.0,0.0,0.0,0.72,0.0,1.0,0.31,0.0,0.24
1,0.05,0.0,0.03,0.0,0.0,0.0,0.0,0.0,0.72,0.0,1.26,0.15,0.0,0.16
1,0.04,0.0,0.03,0.0,0.0,0.0,0.0,0.0,0.74,0.0,1.44,0.03,0.0,0.05
1,0.04,0.0,0.0,0.0,0.0,0.0,0.0,0.0,0.77,0.0,1.48,0.0,0.0,0.0
1,0.01,0.0,0.0,0.0,0.0,0.0,0.0,0.0,0.8,0.0,1.39,0.07,0.0,0.0
1,0.04,0.0,0.0,0.0,0.0,0.0,0.0,0.0,0.81,0.0,1.34,0.08,0.0,0.0
1,0.02,0.07,0.0,0.0,0.0,0.0,0.0,0.0,0.8,0.0,1.3,0.13,0.0,0.0
1,0.02,0.07,0.0,0.0,0.0,0.0,0.0,0.0,0.72,0.0,1.34,0.11,0.0,0.0
1,0.0,0.1,0.0,0.0,0.0,0.0,0.0,0.0,0.69,0.0,1.37,0.13,0.0,0.0
1,0.0,0.02,0.0,0.0,0.0,0.0,0.0,0.0,0.57,0.0,1.35,0.26,0.0,0.18
1,0.0,0.02,0.0,0.0,0.0,0.0,0.0,0.0,0.43,0.0,1.1,0.38,0.0,0.3
1,0.0,0.0,0.0,0.0,0.0,0.0,0.0,0.0,0.4,0.02,1.1,0.37,0.0,0.41
1,0.0,0.0,0.0,0.06,0.0,0.0,0.0,0.0,0.44,0.02,1.09,0.21,0.0,0.34
1,0.0,0.0,0.0,0.06,0.0,0.0,0.0,0.0,0.54,0.02,1.33,0.04,0.0,0.33
1,0.0,0.0,0.0,0.06,0.0,0.0,0.0,0.0,0.51,0.0,1.33,0.06,0.0,0.23
1,0.0,0.0,0.0,0.0,0.0,0.0,0.0,0.0,0.49,0.0,1.39,0.05,0.0,0.19
1,0.0,0.0,0.0,0.0,0.0,0.0,0.0,0.0,0.45,0.0,1.41,0.05,0.0,0.15
1,0.0,0.0,0.0,0.0,0.0,0.0,0.0,0.02,0.42,0.0,1.47,0.0,0.0,0.28
1,0.0,0.0,0.05,0.01,0.0,0.01,0.0,0.05,0.45,0.0,1.54,0.05,0.0,0.29
1,0.0,0.0,0.13,0.01,0.0,0.05,0.0,0.05,0.42,0.0,1.51,0.05,0.0,0.31
1,0.0,0.0,0.22,0.01,0.0,0.12,0.0,0.03,0.38,0.0,1.49,0.1,0.0,0.27
1,0.0,0.0,0.17,0.0,0.0,0.11,0.0,0.0,0.22,0.0,1.34,0.05,0.0,0.33
1,0.0,0.0,0.1,0.0,0.0,0.07,0.0,0.0,0.13,0.0,1.34,0.05,0.0,0.42
1,0.0,0.0,0.0,0.0,0.0,0.0,0.0,0.0,0.11,0.0,1.3,0.0,0.0,0.46
1,0.0,0.0,0.0,0.0,0.0,0.0,0.0,0.0,0.09,0.0,1.32,0.0,0.0,0.49
1,0.0,0.0,0.0,0.0,0.0,0.0,0.0,0.0,0.09,0.01,1.28,0.0,0.0,0.47
1,0.0,0.0,0.0,0.0,0.0,0.0,0.0,0.0,0.12,0.01,1.18,0.0,0.0,0.47
1,0.0,0.0,0.0,0.0,0.0,0.0,0.0,0.0,0.22,0.01,1.14,0.0,0.0,0.32
1,0.05,0.0,0.0,0.0,0.0,0.0,0.0,0.0,0.2,0.0,0.94,0.01,0.0,0.31
1,0.09,0.0,0.0,0.0,0.0,0.0,0.0,0.0,0.11,0.0,0.86,0.12,0.0,0.3
1,0.12,0.0,0.0,0.0,0.0,0.0,0.0,0.0,0.02,0.0,0.85,0.13,0.0,0.4
1,0.08,0.0,0.0,0.0,0.0,0.0,0.0,0.0,0.1,0.0,1.09,0.11,0.0,0.44
1,0.05,0.0,0.0,0.0,0.0,0.0,0.0,0.0,0.21,0.0,1.34,0.01,0.0,0.51
1,0.28,0.0,0.0,0.0,0.0,0.0,0.0,0.0,0.29,0.0,1.46,0.06,0.0,0.53
1,0.27,0.0,0.0,0.0,0.0,0.0,0.0,0.0,0.21,0.0,1.38,0.06,0.0,0.45
1,0.47,0.0,0.0,0.0,0.0,0.0,0.0,0.04,0.1,0.02,1.22,0.21,0.0,0.39
1,0.31,0.0,0.0,0.0,0.0,0.0,0.0,0.06,0.12,0.04,1.12,0.26,0.0,0.34
1,0.48,0.04,0.0,0.0,0.0,0.0,0.0,0.06,0.12,0.05,1.08,0.33,0.0,0.44
1,0.34,0.04,0.0,0.0,0.0,0.0,0.0,0.02,0.12,0.04,1.13,0.22,0.0,0.49
1,0.31,0.04,0.0,0.0,0.01,0.0,0.0,0.01,0.0,0.04,1.22,0.12,0.0,0.6
1,0.21,0.0,0.0,0.0,0.01,0.0,0.0,0.0,0.0,0.03,1.28,0.1,0.0,0.67
1,0.19,0.0,0.0,0.0,0.01,0.0,0.0,0.0,0.0,0.05,1.32,0.07,0.0,0.71
1,0.15,0.02,0.0,0.0,0.0,0.0,0.0,0.0,0.04,0.08,1.22,0.07,0.0,0.71
1,0.1,0.02,0.0,0.0,0.0,0.0,0.0,0.0,0.04,0.08,1.22,0.02,0.0,0.61
1,0.12,0.11,0.03,0.0,0.0,0.0,0.0,0.0,0.04,0.06,1.15,0.0,0.0,0.6
1,0.11,0.1,0.03,0.0,0.0,0.0,0.0,0.0,0.04,0.13,1.27,0.15,0.13,0.77
1,0.11,0.1,0.03,0.0,0.0,0.0,0.0,0.0,0.17,0.31,1.32,0.21,0.23,0.93
1,0.08,0.0,0.01,0.0,0.0,0.0,0.0,0.0,0.19,0.51,1.41,0.21,0.31,1.02
1,0.17,0.0,0.0,0.0,0.0,0.0,0.0,0.0,0.15,0.6,1.45,0.06,0.25,0.93
1,0.15,0.0,0.0,0.0,0.0,0.0,0.0,0.0,0.02,0.53,1.48,0.01,0.24,0.87
1,0.24,0.0,0.07,0.0,0.0,0.0,0.0,0.05,0.0,0.44,1.64,0.0,0.16,0.76
1,0.32,0.0,0.21,0.0,0.0,0.0,0.0,0.1,0.0,0.34,1.75,0.0,0.09,0.65
1,0.3,0.0,0.22,0.0,0.0,0.0,0.0,0.18,0.0,0.38,1.92,0.0,0.0,0.5
1,0.28,0.0,0.24,0.0,0.05,0.0,0.0,0.2,0.0,0.45,1.93,0.0,0.0,0.53
1,0.3,0.0,0.1,0.0,0.05,0.0,0.0,0.17,0.0,0.52,1.95,0.0,0.0,0.45
1,0.91,0.48,0.28,0.0,0.04,0.0,0.0,0.27,0.0,0.73,1.85,0.0,0.0,0.33
1,1.47,1.0,0.44,0.02,0.0,0.0,0.0,0.34,0.0,0.8,1.78,0.0,0.0,0.12
1,1.89,1.29,0.53,0.02,0.0,0.0,0.0,0.32,0.13,0.73,1.79,0.0,0.15,0.21
1,1.76,1.14,0.42,0.02,0.0,0.0,0.0,0.14,0.21,0.45,1.75,0.02,0.36,0.26
1,1.63,1.09,0.28,0.0,0.0,0.0,0.0,0.0,0.21,0.36,1.74,0.02,0.49,0.26
1,1.33,0.97,0.18,0.0,0.0,0.0,0.0,0.0,0.09,0.43,1.56,0.02,0.45,0.13
1,1.18,0.86,0.19,0.0,0.0,0.0,0.0,0.0,0.0,0.54,1.54,0.0,0.3,0.12
1,1.13,0.77,0.09,0.0,0.0,0.0,0.0,0.05,0.0,0.65,1.69,0.0,0.17,0.13
1,1.06,0.75,0.13,0.0,0.0,0.0,0.0,0.05,0.18,0.71,1.98,0.0,0.06,0.24
1,0.84,0.63,0.06,0.0,0.0,0.0,0.0,0.05,0.37,0.75,2.1,0.0,0.0,0.23
1,0.47,0.25,0.06,0.0,0.0,0.0,0.0,0.01,0.59,0.66,2.2,0.0,0.0,0.42
1,0.25,0.09,0.02,0.0,0.0,0.0,0.0,0.0,0.46,0.71,2.23,0.0,0.0,0.38
1,0.15,0.0,0.03,0.0,0.0,0.0,0.0,0.0,0.45,0.62,2.3,0.0,0.0,0.36
1,0.03,0.0,0.11,0.0,0.0,0.0,0.0,0.0,0.36,0.69,2.19,0.03,0.0,0.24
1,0.0,0.0,0.11,0.0,0.0,0.0,0.0,0.0,0.35,0.61,1.88,0.11,0.09,0.4
1,0.0,0.0,0.08,0.0,0.0,0.0,0.0,0.0,0.17,0.51,1.69,0.11,0.23,0.62
1,0.0,0.0,0.0,0.0,0.0,0.0,0.0,0.0,0.04,0.26,1.59,0.08,0.23,0.78
1,0.0,0.0,0.0,0.0,0.0,0.0,0.0,0.0,0.0,0.09,1.57,0.0,0.16,0.67
1,0.0,0.0,0.0,0.0,0.01,0.0,0.0,0.0,0.01,0.22,1.41,0.08,0.02,0.6
1,0.0,0.0,0.0,0.0,0.01,0.0,0.0,0.0,0.01,0.4,1.16,0.28,0.02,0.44
1,0.08,0.0,0.0,0.0,0.01,0.0,0.0,0.0,0.02,0.59,1.06,0.32,0.0,0.44
1,0.14,0.0,0.0,0.0,0.0,0.0,0.0,0.0,0.02,0.72,0.86,0.29,0.01,0.38
1,0.22,0.05,0.0,0.0,0.0,0.0,0.0,0.0,0.01,0.79,0.76,0.19,0.01,0.28
1,0.28,0.13,0.0,0.0,0.01,0.0,0.0,0.02,0.0,0.73,0.7,0.16,0.04,0.2
1,0.22,0.13,0.0,0.0,0.01,0.0,0.0,0.02,0.0,0.59,0.72,0.11,0.18,0.07
1,0.33,0.09,0.0,0.0,0.01,0.0,0.0,0.04,0.01,0.61,0.74,0.0,0.18,0.07
1,0.18,0.0,0.0,0.0,0.0,0.0,0.0,0.02,0.21,0.44,0.51,0.12,0.22,0.13
1,0.18,0.0,0.0,0.0,0.0,0.0,0.0,0.02,0.27,0.29,0.46,0.19,0.07,0.19
1,0.06,0.0,0.0,0.0,0.0,0.02,0.0,0.0,0.25,0.11,0.37,0.31,0.07,0.21
1,0.06,0.0,0.0,0.0,0.04,0.03,0.0,0.0,0.28,0.1,0.38,0.34,0.0,0.11
1,0.06,0.0,0.0,0.0,0.06,0.05,0.0,0.0,0.43,0.12,0.26,0.32,0.08,0.06
1,0.07,0.01,0.0,0.11,0.06,0.03,0.0,0.0,0.57,0.14,0.16,0.33,0.08,0.04
1,0.14,0.01,0.0,0.11,0.04,0.06,0.0,0.0,0.51,0.21,0.17,0.18,0.08,0.01
1,0.21,0.01,0.0,0.13,0.07,0.07,0.0,0.0,0.45,0.29,0.23,0.12,0.0,0.07
1,0.25,0.0,0.0,0.02,0.07,0.07,0.0,0.0,0.44,0.2,0.31,0.0,0.0,0.17
1,0.18,0.0,0.0,0.02,0.13,0.15,0.0,0.0,0.4,0.13,0.35,0.0,0.0,0.25
1,0.22,0.0,0.0,0.0,0.09,0.25,0.0,0.0,0.39,0.17,0.34,0.07,0.03,0.25
1,0.36,0.0,0.0,0.0,0.19,0.29,0.0,0.01,0.31,0.25,0.36,0.07,0.03,0.15
1,0.43,0.0,0.0,0.02,0.11,0.17,0.0,0.01,0.32,0.25,0.47,0.13,0.14,0.16
1,0.32,0.0,0.0,0.07,0.1,0.04,0.0,0.01,0.25,0.08,0.56,0.08,0.31,0.09
1,0.17,0.0,0.0,0.07,0.0,0.0,0.0,0.0,0.29,0.08,0.63,0.08,0.35,0.09
1,0.11,0.0,0.02,0.05,0.0,0.0,0.0,0.0,0.18,0.08,0.54,0.02,0.31,0.0
1,0.35,0.0,0.02,0.06,0.0,0.0,0.0,0.0,0.27,0.11,0.61,0.0,0.23,0.0
1,0.33,0.0,0.02,0.06,0.0,0.0,0.0,0.0,0.24,0.06,0.56,0.0,0.27,0.12
1,0.5,0.0,0.0,0.06,0.0,0.0,0.0,0.0,0.43,0.16,0.58,0.0,0.36,0.12
1,0.39,0.0,0.0,0.0,0.0,0.0,0.0,0.0,0.43,0.25,0.63,0.07,0.38,0.12
1,0.47,0.0,0.0,0.0,0.0,0.0,0.0,0.0,0.48,0.24,0.72,0.12,0.34,0.0
1,0.47,0.05,0.0,0.0,0.0,0.0,0.0,0.0,0.42,0.24,0.73,0.12,0.3,0.01
1,0.53,0.05,0.0,0.0,0.0,0.01,0.0,0.0,0.26,0.12,0.68,0.07,0.29,0.06
1,0.59,0.05,0.0,0.03,0.0,0.01,0.0,0.0,0.27,0.21,0.6,0.02,0.43,0.06
1,0.51,0.0,0.0,0.03,0.0,0.01,0.0,0.01,0.3,0.14,0.42,0.08,0.38,0.05
1,0.41,0.0,0.04,0.03,0.0,0.0,0.0,0.01,0.44,0.24,0.28,0.06,0.37,0.04
1,0.2,0.0,0.04,0.0,0.0,0.08,0.0,0.01,0.39,0.34,0.1,0.06,0.43,0.1
1,0.2,0.0,0.04,0.0,0.0,0.12,0.0,0.0,0.28,0.42,0.08,0.0,0.44,0.21
1,0.14,0.0,0.01,0.0,0.0,0.21,0.0,0.0,0.29,0.37,0.09,0.0,0.42,0.17
1,0.17,0.0,0.01,0.0,0.0,0.15,0.0,0.0,0.39,0.26,0.15,0.0,0.3,0.11
1,0.15,0.0,0.01,0.0,0.0,0.11,0.0,0.0,0.46,0.22,0.17,0.0,0.27,0.0
1,0.21,0.0,0.01,0.0,0.0,0.13,0.0,0.0,0.31,0.3,0.09,0.0,0.29,0.0
1,0.44,0.0,0.0,0.0,0.0,0.14,0.0,0.0,0.17,0.27,0.02,0.0,0.3,0.0
1,0.61,0.01,0.0,0.0,0.0,0.14,0.0,0.0,0.18,0.27,0.06,0.0,0.36,0.0
1,0.7,0.01,0.0,0.0,0.0,0.09,0.0,0.0,0.29,0.13,0.12,0.0,0.36,0.0
1,0.7,0.01,0.0,0.0,0.0,0.06,0.0,0.0,0.23,0.21,0.12,0.0,0.33,0.0
1,0.5,0.0,0.04,0.0,0.0,0.1,0.0,0.0,0.22,0.14,0.3,0.0,0.27,0.0
1,0.31,0.0,0.04,0.0,0.0,0.11,0.0,0.03,0.2,0.13,0.4,0.0,0.15,0.0
1,0.13,0.0,0.04,0.0,0.0,0.11,0.0,0.03,0.38,0.0,0.5,0.0,0.06,0.05
1,0.22,0.0,0.0,0.0,0.0,0.08,0.0,0.03,0.36,0.0,0.42,0.0,0.01,0.05
1,0.33,0.0,0.0,0.0,0.0,0.01,0.0,0.03,0.42,0.0,0.45,0.0,0.04,0.05
1,0.36,0.0,0.0,0.0,0.0,0.04,0.0,0.03,0.31,0.0,0.52,0.0,0.11,0.0
1,0.29,0.0,0.02,0.0,0.0,0.07,0.0,0.05,0.36,0.0,0.57,0.0,0.14,0.0
1,0.23,0.0,0.03,0.0,0.0,0.07,0.0,0.03,0.4,0.01,0.63,0.0,0.1,0.04
1,0.17,0.0,0.03,0.0,0.0,0.05,0.0,0.04,0.5,0.03,0.72,0.0,0.03,0.1
1,0.19,0.0,0.01,0.0,0.0,0.04,0.0,0.04,0.52,0.04,0.75,0.0,0.0,0.15
1,0.12,0.0,0.0,0.0,0.0,0.1,0.0,0.02,0.48,0.03,0.66,0.0,0.0,0.12
1,0.16,0.0,0.0,0.0,0.01,0.09,0.0,0.01,0.43,0.01,0.5,0.0,0.01,0.06
1,0.08,0.0,0.0,0.08,0.01,0.07,0.0,0.0,0.34,0.1,0.29,0.0,0.01,0.15
1,0.16,0.0,0.0,0.15,0.01,0.0,0.0,0.0,0.25,0.19,0.26,0.0,0.01,0.15
1,0.09,0.0,0.0,0.26,0.0,0.0,0.0,0.0,0.28,0.19,0.43,0.0,0.0,0.15
1,0.09,0.0,0.0,0.36,0.0,0.0,0.0,0.0,0.39,0.09,0.63,0.0,0.0,0.0
1,0.02,0.0,0.0,0.45,0.0,0.04,0.0,0.0,0.51,0.08,0.64,0.0,0.0,0.0
1,0.12,0.0,0.0,0.44,0.0,0.04,0.0,0.0,0.39,0.16,0.55,0.0,0.05,0.0
1,0.18,0.0,0.0,0.4,0.0,0.04,0.0,0.0,0.41,0.16,0.55,0.0,0.05,0.0
1,0.19,0.0,0.0,0.35,0.0,0.0,0.0,0.0,0.45,0.08,0.69,0.0,0.05,0.04
1,0.09,0.0,0.0,0.45,0.0,0.04,0.0,0.04,0.49,0.07,0.6,0.0,0.0,0.04
1,0.21,0.0,0.0,0.37,0.0,0.04,0.0,0.04,0.37,0.17,0.52,0.0,0.0,0.09
1,0.22,0.0,0.0,0.45,0.0,0.04,0.0,0.04,0.27,0.17,0.46,0.0,0.0,0.07
1,0.21,0.0,0.0,0.34,0.0,0.0,0.0,0.0,0.31,0.12,0.62,0.0,0.0,0.1
1,0.04,0.0,0.0,0.29,0.0,0.0,0.0,0.0,0.24,0.23,0.65,0.16,0.07,0.05
1,0.14,0.0,0.0,0.09,0.0,0.0,0.0,0.0,0.24,0.31,0.58,0.16,0.21,0.03
1,0.12,0.0,0.0,0.0,0.0,0.0,0.0,0.0,0.26,0.33,0.68,0.17,0.28,0.0
1,0.12,0.0,0.0,0.0,0.0,0.0,0.0,0.0,0.28,0.18,0.74,0.01,0.32,0.0
1,0.0,0.0,0.0,0.0,0.0,0.0,0.0,0.0,0.29,0.22,0.8,0.01,0.18,0.0
1,0.0,0.0,0.0,0.0,0.0,0.0,0.0,0.0,0.36,0.26,0.71,0.0,0.26,0.0
1,0.0,0.0,0.0,0.0,0.0,0.03,0.0,0.0,0.45,0.3,0.6,0.0,0.35,0.0
1,0.0,0.0,0.0,0.07,0.0,0.03,0.0,0.0,0.45,0.26,0.55,0.0,0.41,0.0
1,0.0,0.0,0.0,0.09,0.0,0.03,0.0,0.0,0.38,0.28,0.43,0.0,0.3,0.01
1,0.02,0.0,0.0,0.09,0.0,0.0,0.0,0.0,0.38,0.35,0.48,0.0,0.17,0.01
1,0.02,0.0,0.0,0.01,0.0,0.0,0.0,0.0,0.34,0.3,0.46,0.0,0.12,0.01
1,0.09,0.0,0.0,0.0,0.0,0.0,0.0,0.0,0.38,0.28,0.43,0.0,0.24,0.0
1,0.07,0.0,0.0,0.0,0.0,0.03,0.0,0.0,0.27,0.11,0.38,0.06,0.17,0.0
1,0.08,0.0,0.0,0.0,0.0,0.07,0.0,0.04,0.33,0.08,0.26,0.06,0.17,0.0
1,0.01,0.0,0.0,0.0,0.0,0.12,0.0,0.04,0.31,0.0,0.29,0.06,0.01,0.0
1,0.07,0.0,0.0,0.0,0.0,0.09,0.0,0.04,0.5,0.0,0.27,0.0,0.01,0.0
1,0.07,0.0,0.0,0.0,0.0,0.13,0.0,0.0,0.47,0.0,0.39,0.0,0.0,0.0
1,0.14,0.0,0.0,0.0,0.0,0.08,0.0,0.0,0.48,0.0,0.37,0.08,0.0,0.0
1,0.08,0.0,0.0,0.0,0.0,0.08,0.0,0.0,0.4,0.04,0.39,0.08,0.0,0.0
1,0.15,0.0,0.0,0.0,0.0,0.0,0.0,0.0,0.49,0.04,0.36,0.11,0.0,0.0
1,0.07,0.0,0.0,0.0,0.0,0.01,0.0,0.0,0.45,0.04,0.37,0.03,0.0,0.0
1,0.07,0.0,0.0,0.0,0.01,0.01,0.0,0.0,0.47,0.0,0.37,0.03,0.04,0.0
1,0.0,0.0,0.0,0.0,0.01,0.04,0.0,0.0,0.44,0.0,0.35,0.0,0.03,0.0
1,0.16,0.0,0.0,0.16,0.03,0.14,0.0,0.0,0.45,0.0,0.33,0.0,0.05,0.0
1,0.16,0.0,0.0,0.21,0.01,0.13,0.0,0.0,0.49,0.03,0.37,0.0,0.02,0.0
1,0.16,0.0,0.0,0.21,0.01,0.11,0.0,0.0,0.51,0.03,0.45,0.0,0.02,0.0
1,0.0,0.0,0.0,0.05,0.0,0.0,0.0,0.0,0.56,0.03,0.43,0.0,0.0,0.0
1,0.0,0.0,0.0,0.0,0.0,0.0,0.0,0.0,0.51,0.0,0.4,0.0,0.0,0.0
1,0.0,0.0,0.0,0.05,0.0,0.0,0.0,0.0,0.51,0.0,0.41,0.0,0.0,0.0
1,0.0,0.0,0.0,0.12,0.0,0.0,0.0,0.0,0.54,0.02,0.5,0.0,0.04,0.0
1,0.0,0.0,0.0,0.13,0.0,0.0,0.0,0.0,0.56,0.02,0.48,0.0,0.09,0.0
1,0.0,0.0,0.0,0.08,0.0,0.0,0.0,0.0,0.53,0.02,0.41,0.0,0.1,0.0
1,0.15,0.17,0.0,0.01,0.0,0.0,0.0,0.0,0.49,0.0,0.26,0.0,0.19,0.0
1,0.15,0.19,0.0,0.0,0.0,0.0,0.0,0.0,0.53,0.04,0.16,0.0,0.28,0.0
1,0.31,0.38,0.0,0.0,0.0,0.0,0.0,0.0,0.6,0.06,0.07,0.0,0.33,0.0
1,0.16,0.29,0.0,0.0,0.0,0.0,0.0,0.0,0.61,0.09,0.09,0.0,0.24,0.0
1,0.2,0.26,0.0,0.0,0.0,0.0,0.0,0.0,0.4,0.05,0.15,0.08,0.11,0.01
1,0.13,0.08,0.05,0.0,0.0,0.0,0.0,0.0,0.2,0.02,0.21,0.08,0.08,0.11
1,0.17,0.0,0.05,0.0,0.0,0.0,0.0,0.0,0.03,0.01,0.25,0.08,0.03,0.17
1,0.13,0.0,0.05,0.0,0.0,0.0,0.0,0.0,0.02,0.01,0.27,0.0,0.03,0.2
1,0.07,0.0,0.0,0.0,0.0,0.0,0.0,0.0,0.0,0.05,0.3,0.0,0.03,0.19
1,0.07,0.0,0.0,0.0,0.0,0.0,0.0,0.0,0.03,0.14,0.32,0.0,0.09,0.22
1,0.08,0.0,0.0,0.0,0.0,0.0,0.0,0.0,0.03,0.25,0.3,0.0,0.16,0.28
1,0.15,0.0,0.0,0.0,0.0,0.0,0.0,0.03,0.03,0.38,0.22,0.0,0.21,0.25
1,0.22,0.0,0.0,0.0,0.0,0.0,0.0,0.04,0.12,0.35,0.21,0.0,0.25,0.16
1,0.21,0.0,0.0,0.0,0.0,0.0,0.0,0.04,0.17,0.31,0.17,0.0,0.18,0.13
1,0.12,0.0,0.0,0.0,0.0,0.0,0.0,0.02,0.18,0.24,0.23,0.0,0.11,0.12
1,0.07,0.0,0.0,0.02,0.0,0.0,0.0,0.01,0.09,0.29,0.12,0.02,0.07,0.12
1,0.11,0.0,0.0,0.02,0.0,0.0,0.0,0.01,0.03,0.22,0.2,0.07,0.07,0.09
1,0.09,0.0,0.0,0.02,0.0,0.0,0.0,0.03,0.02,0.12,0.39,0.07,0.06,0.05
1,0.03,0.0,0.0,0.0,0.0,0.0,0.0,0.05,0.0,0.0,0.68,0.06,0.0,0.05
1,0.0,0.0,0.0,0.0,0.0,0.0,0.0,0.11,0.0,0.0,0.84,0.0,0.0,0.05
1,0.0,0.0,0.0,0.03,0.0,0.0,0.0,0.09,0.0,0.0,0.9,0.0,0.0,0.08
1,0.0,0.0,0.0,0.03,0.0,0.0,0.0,0.07,0.0,0.0,0.9,0.0,0.0,0.08
1,0.0,0.0,0.0,0.13,0.0,0.0,0.0,0.02,0.0,0.0,0.91,0.0,0.0,0.03
1,0.0,0.0,0.0,0.12,0.0,0.0,0.0,0.01,0.0,0.0,0.81,0.0,0.0,0.03
1,0.0,0.0,0.0,0.12,0.0,0.0,0.0,0.01,0.0,0.0,0.75,0.0,0.0,0.05
1,0.0,0.0,0.0,0.02,0.0,0.0,0.0,0.01,0.02,0.0,0.7,0.0,0.0,0.22
1,0.0,0.0,0.0,0.0,0.0,0.01,0.0,0.04,0.02,0.0,0.75,0.0,0.0,0.26
1,0.0,0.0,0.0,0.0,0.0,0.01,0.0,0.06,0.02,0.0,0.8,0.0,0.0,0.24
1,0.0,0.0,0.0,0.0,0.0,0.01,0.0,0.05,0.0,0.0,0.72,0.04,0.0,0.08
1,0.0,0.0,0.0,0.0,0.0,0.01,0.0,0.02,0.06,0.0,0.66,0.07,0.0,0.05
1,0.0,0.0,0.0,0.0,0.0,0.01,0.0,0.0,0.06,0.0,0.58,0.16,0.0,0.22
1,0.0,0.0,0.0,0.0,0.0,0.01,0.0,0.0,0.06,0.0,0.59,0.19,0.0,0.37
1,0.0,0.0,0.0,0.07,0.0,0.0,0.0,0.0,0.02,0.0,0.64,0.2,0.0,0.5
1,0.0,0.0,0.0,0.19,0.0,0.0,0.0,0.0,0.02,0.0,0.71,0.11,0.0,0.42
1,0.0,0.0,0.0,0.31,0.0,0.0,0.0,0.0,0.02,0.0,0.79,0.04,0.0,0.36
1,0.0,0.0,0.0,0.24,0.0,0.0,0.0,0.0,0.03,0.0,0.68,0.0,0.0,0.36
1,0.0,0.0,0.0,0.12,0.0,0.0,0.0,0.0,0.03,0.0,0.67,0.0,0.0,0.4
1,0.0,0.0,0.0,0.09,0.0,0.0,0.0,0.0,0.03,0.0,0.6,0.0,0.0,0.42
1,0.0,0.0,0.0,0.09,0.0,0.0,0.0,0.0,0.0,0.0,0.59,0.01,0.0,0.4
1,0.0,0.0,0.0,0.09,0.0,0.0,0.0,0.0,0.0,0.0,0.53,0.01,0.0,0.31
1,0.0,0.0,0.0,0.0,0.0,0.0,0.0,0.0,0.03,0.0,0.36,0.1,0.1,0.27
1,0.0,0.0,0.0,0.0,0.0,0.0,0.0,0.0,0.03,0.0,0.41,0.09,0.17,0.24
1,0.0,0.0,0.0,0.0,0.0,0.0,0.0,0.0,0.03,0.0,0.41,0.09,0.22,0.38
1,0.0,0.0,0.0,0.04,0.0,0.0,0.0,0.0,0.0,0.0,0.57,0.03,0.22,0.45
1,0.0,0.0,0.0,0.04,0.0,0.0,0.0,0.0,0.0,0.0,0.59,0.04,0.23,0.44
1,0.0,0.0,0.0,0.04,0.0,0.0,0.0,0.0,0.0,0.0,0.58,0.05,0.19,0.43
1,0.0,0.0,0.0,0.0,0.0,0.0,0.0,0.0,0.0,0.0,0.6,0.06,0.13,0.38
1,0.0,0.0,0.0,0.01,0.0,0.0,0.0,0.0,0.0,0.0,0.61,0.04,0.14,0.43
1,0.0,0.0,0.0,0.01,0.0,0.0,0.0,0.0,0.01,0.0,0.65,0.07,0.17,0.37
1,0.0,0.0,0.0,0.06,0.0,0.0,0.0,0.0,0.01,0.0,0.67,0.08,0.18,0.47
1,0.0,0.0,0.0,0.15,0.0,0.0,0.0,0.0,0.01,0.0,0.69,0.12,0.18,0.46
1,0.0,0.0,0.0,0.31,0.0,0.0,0.0,0.0,0.0,0.0,0.71,0.11,0.2,0.51
1,0.0,0.0,0.0,0.52,0.0,0.0,0.0,0.0,0.0,0.0,0.64,0.1,0.27,0.39
1,0.0,0.0,0.0,0.6,0.0,0.0,0.0,0.0,0.0,0.0,0.51,0.06,0.37,0.23
1,0.0,0.0,0.0,0.66,0.0,0.0,0.0,0.0,0.0,0.0,0.41,0.03,0.5,0.07
1,0.0,0.0,0.0,0.64,0.0,0.0,0.0,0.0,0.0,0.0,0.38,0.0,0.55,0.01
1,0.0,0.0,0.0,0.68,0.0,0.0,0.0,0.0,0.0,0.0,0.39,0.0,0.56,0.0
1,0.0,0.0,0.0,0.74,0.0,0.0,0.0,0.0,0.0,0.0,0.38,0.0,0.59,0.0
1,0.0,0.18,0.07,0.52,0.0,0.0,0.0,0.0,0.0,0.0,0.44,0.06,0.67,0.0
1,0.05,0.23,0.07,0.31,0.0,0.0,0.0,0.0,0.0,0.0,0.4,0.07,0.68,0.01
1,0.1,0.27,0.07,0.02,0.0,0.0,0.0,0.0,0.0,0.0,0.39,0.08,0.61,0.06
1,0.17,0.19,0.0,0.02,0.0,0.0,0.0,0.0,0.0,0.0,0.34,0.04,0.56,0.06
1,0.15,0.14,0.0,0.0,0.0,0.0,0.0,0.0,0.0,0.0,0.43,0.03,0.49,0.22
1,0.15,0.17,0.02,0.0,0.0,0.0,0.0,0.0,0.0,0.0,0.57,0.01,0.47,0.25
1,0.09,0.07,0.1,0.08,0.0,0.0,0.0,0.0,0.0,0.03,0.71,0.1,0.28,0.25
1,0.05,0.07,0.1,0.08,0.0,0.0,0.0,0.0,0.0,0.11,0.73,0.15,0.2,0.09
1,0.01,0.0,0.07,0.09,0.0,0.0,0.0,0.0,0.08,0.13,0.64,0.15,0.1,0.01
1,0.01,0.0,0.0,0.01,0.0,0.0,0.0,0.0,0.12,0.14,0.63,0.05,0.16,0.01
1,0.01,0.0,0.0,0.02,0.0,0.0,0.0,0.0,0.16,0.08,0.65,0.01,0.22,0.0
1,0.0,0.0,0.01,0.01,0.0,0.0,0.0,0.0,0.08,0.15,0.67,0.01,0.21,0.0
1,0.0,0.0,0.01,0.06,0.0,0.0,0.0,0.0,0.1,0.15,0.6,0.0,0.17,0.0
1,0.0,0.0,0.01,0.16,0.0,0.0,0.0,0.0,0.1,0.16,0.59,0.0,0.13,0.0
1,0.02,0.0,0.0,0.29,0.0,0.0,0.0,0.0,0.16,0.18,0.6,0.0,0.09,0.0
1,0.05,0.0,0.0,0.36,0.0,0.0,0.0,0.0,0.14,0.24,0.63,0.0,0.12,0.0
1,0.07,0.0,0.0,0.3,0.0,0.0,0.0,0.0,0.13,0.32,0.63,0.0,0.07,0.0
1,0.05,0.0,0.0,0.22,0.0,0.0,0.0,0.0,0.07,0.27,0.59,0.0,0.17,0.0
1,0.02,0.0,0.0,0.17,0.0,0.0,0.0,0.0,0.03,0.17,0.7,0.0,0.22,0.1
1,0.0,0.0,0.0,0.2,0.0,0.0,0.0,0.0,0.0,0.06,0.83,0.0,0.25,0.1
1,0.0,0.0,0.0,0.18,0.0,0.0,0.0,0.0,0.0,0.01,0.92,0.0,0.32,0.1
1,0.0,0.0,0.07,0.26,0.0,0.0,0.0,0.0,0.02,0.02,0.92,0.0,0.34,0.05
1,0.0,0.0,0.12,0.18,0.0,0.0,0.0,0.0,0.03,0.01,0.88,0.0,0.4,0.06
1,0.0,0.0,0.14,0.23,0.0,0.0,0.0,0.0,0.03,0.04,0.88,0.0,0.34,0.06
1,0.0,0.0,0.09,0.37,0.0,0.0,0.0,0.0,0.02,0.06,0.84,0.0,0.34,0.01
1,0.0,0.0,0.04,0.54,0.0,0.0,0.0,0.0,0.03,0.13,0.91,0.0,0.28,0.07
1,0.0,0.0,0.07,0.63,0.0,0.0,0.0,0.0,0.05,0.14,1.03,0.0,0.2,0.07
1,0.0,0.0,0.14,0.54,0.0,0.0,0.0,0.0,0.05,0.13,1.02,0.07,0.13,0.07
1,0.0,0.0,0.24,0.43,0.0,0.0,0.0,0.0,0.02,0.06,0.96,0.12,0.12,0.12
1,0.0,0.0,0.33,0.31,0.0,0.0,0.0,0.0,0.0,0.1,0.91,0.2,0.17,0.29
1,0.0,0.0,0.23,0.19,0.0,0.0,0.0,0.0,0.0,0.08,0.81,0.13,0.16,0.29
1,0.0,0.0,0.13,0.31,0.0,0.0,0.0,0.0,0.0,0.08,0.66,0.08,0.18,0.21
1,0.0,0.0,0.0,0.4,0.0,0.0,0.0,0.0,0.0,0.0,0.46,0.0,0.14,0.12
1,0.01,0.0,0.0,0.4,0.0,0.0,0.0,0.0,0.0,0.0,0.45,0.0,0.22,0.16
1,0.07,0.0,0.0,0.28,0.0,0.0,0.0,0.0,0.0,0.0,0.36,0.0,0.17,0.13
1,0.12,0.0,0.0,0.16,0.0,0.01,0.0,0.0,0.0,0.0,0.33,0.0,0.15,0.14
1,0.11,0.0,0.0,0.26,0.0,0.01,0.0,0.0,0.0,0.0,0.35,0.0,0.03,0.1
1,0.09,0.08,0.0,0.34,0.0,0.01,0.0,0.0,0.02,0.0,0.33,0.05,0.02,0.11
1,0.04,0.08,0.0,0.47,0.0,0.0,0.0,0.0,0.09,0.0,0.42,0.05,0.0,0.03
1,0.04,0.08,0.0,0.33,0.0,0.0,0.0,0.0,0.11,0.0,0.37,0.05,0.0,0.03
1,0.0,0.0,0.0,0.35,0.0,0.0,0.0,0.0,0.13,0.0,0.45,0.07,0.0,0.01
1,0.01,0.0,0.0,0.43,0.0,0.0,0.0,0.0,0.07,0.0,0.48,0.12,0.0,0.0
1,0.01,0.0,0.0,0.4,0.0,0.01,0.0,0.0,0.05,0.01,0.53,0.19,0.07,0.0
1,0.0,0.0,0.0,0.22,0.0,0.03,0.0,0.03,0.01,0.01,0.59,0.15,0.15,0.0
1,0.0,0.0,0.0,0.0,0.01,0.08,0.0,0.07,0.0,0.01,0.6,0.18,0.2,0.0
1,0.0,0.0,0.0,0.0,0.01,0.07,0.0,0.13,0.0,0.0,0.61,0.11,0.25,0.0
1,0.0,0.0,0.0,0.0,0.01,0.05,0.0,0.14,0.0,0.0,0.51,0.19,0.29,0.0
1,0.0,0.0,0.0,0.0,0.0,0.0,0.0,0.15,0.0,0.02,0.46,0.25,0.4,0.0
1,0.0,0.0,0.0,0.0,0.0,0.0,0.0,0.16,0.0,0.02,0.39,0.3,0.59,0.0
1,0.0,0.0,0.0,0.0,0.0,0.0,0.0,0.17,0.0,0.04,0.46,0.24,0.75,0.0
1,0.0,0.0,0.0,0.0,0.0,0.0,0.0,0.16,0.0,0.07,0.48,0.17,0.9,0.0
1,0.0,0.0,0.0,0.0,0.0,0.0,0.0,0.14,0.0,0.07,0.54,0.16,0.86,0.0
1,0.0,0.0,0.0,0.0,0.0,0.0,0.0,0.15,0.0,0.07,0.53,0.19,0.85,0.0
1,0.0,0.0,0.0,0.0,0.0,0.0,0.0,0.14,0.0,0.02,0.51,0.19,0.8,0.0
1,0.0,0.0,0.07,0.02,0.0,0.0,0.0,0.1,0.0,0.02,0.48,0.35,0.58,0.06
1,0.0,0.0,0.18,0.09,0.0,0.0,0.0,0.04,0.0,0.06,0.46,0.35,0.36,0.06
1,0.0,0.0,0.29,0.09,0.0,0.0,0.0,0.0,0.04,0.06,0.38,0.4,0.13,0.06
1,0.0,0.0,0.3,0.13,0.0,0.0,0.0,0.0,0.08,0.06,0.34,0.34,0.09,0.0
1,0.0,0.0,0.29,0.15,0.0,0.0,0.0,0.0,0.08,0.08,0.24,0.42,0.07,0.0
1,0.11,0.09,0.17,0.15,0.0,0.0,0.0,0.0,0.04,0.23,0.17,0.52,0.21,0.0
1,0.14,0.23,0.13,0.09,0.0,0.0,0.0,0.0,0.0,0.28,0.08,0.62,0.39,0.0
1,0.25,0.47,0.04,0.0,0.0,0.0,0.0,0.0,0.0,0.2,0.06,0.6,0.49,0.0
1,0.13,0.45,0.12,0.0,0.0,0.0,0.0,0.0,0.0,0.21,0.1,0.52,0.35,0.0
1,0.11,0.31,0.14,0.0,0.0,0.0,0.0,0.0,0.0,0.33,0.2,0.45,0.26,0.0
1,0.0,0.06,0.13,0.0,0.0,0.0,0.0,0.0,0.0,0.49,0.25,0.47,0.24,0.0
1,0.0,0.0,0.09,0.0,0.0,0.0,0.0,0.0,0.0,0.5,0.33,0.55,0.25,0.0
1,0.0,0.0,0.05,0.0,0.0,0.0,0.0,0.0,0.04,0.42,0.34,0.53,0.15,0.0
1,0.06,0.0,0.05,0.0,0.0,0.0,0.0,0.0,0.06,0.42,0.5,0.37,0.04,0.05
1,0.12,0.0,0.0,0.0,0.0,0.0,0.0,0.0,0.1,0.42,0.57,0.23,0.0,0.1
1,0.12,0.0,0.0,0.0,0.0,0.0,0.0,0.0,0.14,0.59,0.76,0.08,0.0,0.18
1,0.06,0.0,0.0,0.0,0.0,0.0,0.0,0.0,0.13,0.61,0.73,0.07,0.0,0.27
1,0.0,0.0,0.0,0.0,0.0,0.0,0.0,0.0,0.15,0.67,0.7,0.0,0.0,0.3
1,0.03,0.0,0.0,0.0,0.0,0.0,0.0,0.0,0.08,0.6,0.62,0.05,0.0,0.31
1,0.05,0.0,0.0,0.0,0.0,0.0,0.0,0.0,0.14,0.6,0.71,0.05,0.0,0.26
1,0.05,0.0,0.0,0.0,0.0,0.0,0.0,0.0,0.12,0.41,0.68,0.05,0.0,0.19
1,0.02,0.0,0.0,0.0,0.0,0.0,0.0,0.0,0.13,0.31,0.65,0.0,0.0,0.1
1,0.0,0.0,0.06,0.0,0.0,0.05,0.0,0.0,0.07,0.26,0.51,0.0,0.0,0.03
1,0.0,0.0,0.06,0.0,0.0,0.05,0.0,0.0,0.03,0.31,0.43,0.0,0.0,0.1
1,0.0,0.0,0.06,0.0,0.0,0.1,0.0,0.0,0.01,0.22,0.31,0.04,0.0,0.45
1,0.0,0.0,0.0,0.0,0.0,0.15,0.0,0.0,0.0,0.09,0.25,0.04,0.0,0.68
1,0.0,0.0,0.0,0.0,0.0,0.23,0.0,0.0,0.0,0.0,0.24,0.08,0.0,0.83
1,0.0,0.0,0.0,0.0,0.0,0.27,0.0,0.0,0.0,0.0,0.21,0.06,0.0,0.74
1,0.0,0.0,0.0,0.0,0.0,0.27,0.0,0.0,0.0,0.0,0.21,0.09,0.0,0.77
1,0.0,0.0,0.0,0.0,0.0,0.26,0.0,0.0,0.0,0.0,0.14,0.08,0.0,0.77
1,0.02,0.0,0.0,0.0,0.0,0.26,0.0,0.0,0.0,0.0,0.16,0.07,0.02,0.72
1,0.02,0.0,0.0,0.0,0.0,0.22,0.0,0.0,0.0,0.0,0.16,0.06,0.03,0.67
1,0.03,0.0,0.0,0.0,0.0,0.19,0.0,0.0,0.0,0.0,0.17,0.04,0.03,0.63
1,0.04,0.0,0.0,0.0,0.0,0.18,0.0,0.0,0.0,0.0,0.16,0.06,0.01,0.65
1,0.05,0.0,0.0,0.0,0.0,0.19,0.0,0.0,0.0,0.0,0.11,0.07,0.0,0.6
1,0.04,0.0,0.0,0.0,0.0,0.24,0.0,0.0,0.0,0.0,0.09,0.09,0.0,0.59
1,0.01,0.0,0.03,0.0,0.0,0.17,0.0,0.0,0.06,0.0,0.1,0.07,0.16,0.38
1,0.0,0.0,0.05,0.0,0.0,0.1,0.0,0.0,0.16,0.0,0.06,0.03,0.17,0.27
1,0.0,0.0,0.11,0.0,0.0,0.0,0.0,0.0,0.27,0.0,0.04,0.01,0.17,0.16
1,0.0,0.0,0.12,0.0,0.01,0.0,0.0,0.0,0.28,0.0,0.0,0.0,0.01,0.23
1,0.0,0.0,0.14,0.0,0.01,0.0,0.0,0.0,0.3,0.0,0.0,0.0,0.0,0.26
1,0.0,0.0,0.12,0.0,0.01,0.0,0.0,0.0,0.22,0.0,0.0,0.0,0.0,0.18
1,0.0,0.0,0.09,0.0,0.0,0.0,0.0,0.0,0.17,0.0,0.0,0.0,0.0,0.1
1,0.0,0.0,0.05,0.0,0.0,0.0,0.0,0.0,0.08,0.0,0.0,0.0,0.01,0.01
1,0.0,0.0,0.01,0.0,0.0,0.0,0.0,0.0,0.06,0.0,0.0,0.0,0.05,0.02
1,0.0,0.0,0.06,0.0,0.0,0.0,0.0,0.0,0.04,0.0,0.0,0.0,0.18,0.01
1,0.0,0.0,0.12,0.0,0.0,0.0,0.0,0.0,0.04,0.0,0.0,0.0,0.3,0.01
1,0.0,0.0,0.15,0.0,0.0,0.0,0.0,0.0,0.03,0.0,0.0,0.0,0.38,0.0
1,0.0,0.0,0.09,0.15,0.0,0.0,0.0,0.0,0.03,0.07,0.16,0.03,0.6,0.0
1,0.0,0.0,0.03,0.21,0.0,0.0,0.0,0.0,0.0,0.14,0.4,0.08,0.74,0.0
1,0.35,0.52,0.0,0.21,0.0,0.0,0.0,0.0,0.0,0.27,0.53,0.12,1.07,0.0
1,0.69,1.04,0.0,0.06,0.0,0.0,0.0,0.0,0.0,0.34,0.51,0.16,1.16,0.0
1,0.97,1.48,0.0,0.0,0.0,0.0,0.0,0.0,0.0,0.38,0.45,0.15,1.28,0.0
1,0.89,1.35,0.0,0.06,0.0,0.0,0.0,0.0,0.0,0.4,0.45,0.17,1.26,0.0
1,0.82,1.28,0.0,0.17,0.0,0.0,0.0,0.0,0.0,0.44,0.41,0.17,1.2,0.0
1,0.76,1.16,0.0,0.26,0.0,0.0,0.0,0.0,0.0,0.44,0.39,0.17,1.15,0.0
1,0.61,0.92,0.0,0.47,0.0,0.0,0.0,0.0,0.0,0.31,0.41,0.19,1.08,0.0
1,0.38,0.49,0.0,0.56,0.0,0.0,0.0,0.0,0.0,0.17,0.51,0.16,0.99,0.0
1,0.16,0.17,0.0,0.61,0.0,0.0,0.0,0.0,0.04,0.1,0.57,0.11,0.95,0.0
1,0.04,0.05,0.02,0.45,0.0,0.0,0.0,0.0,0.04,0.08,0.5,0.06,0.82,0.0
1,0.0,0.03,0.02,0.25,0.0,0.0,0.0,0.0,0.04,0.04,0.32,0.03,0.52,0.0
1,0.04,0.03,0.02,0.12,0.0,0.0,0.0,0.0,0.0,0.04,0.1,0.04,0.37,0.0
1,0.06,0.0,0.0,0.0,0.0,0.0,0.0,0.0,0.0,0.13,0.0,0.01,0.36,0.0
1,0.07,0.0,0.0,0.0,0.0,0.0,0.0,0.0,0.0,0.21,0.0,0.01,0.52,0.0
1,0.05,0.0,0.0,0.0,0.0,0.0,0.0,0.0,0.0,0.26,0.0,0.0,0.53,0.03
1,0.05,0.0,0.0,0.0,0.0,0.0,0.0,0.0,0.0,0.25,0.0,0.0,0.48,0.05
1,0.09,0.0,0.0,0.0,0.0,0.0,0.0,0.0,0.0,0.25,0.0,0.01,0.41,0.07
1,0.07,0.0,0.0,0.0,0.0,0.0,0.0,0.0,0.0,0.21,0.0,0.01,0.43,0.06
1,0.04,0.0,0.0,0.0,0.0,0.0,0.0,0.0,0.0,0.23,0.0,0.01,0.43,0.04
1,0.08,0.0,0.0,0.0,0.0,0.0,0.0,0.0,0.0,0.24,0.0,0.0,0.47,0.02
1,0.13,0.0,0.0,0.0,0.0,0.0,0.0,0.0,0.0,0.29,0.0,0.0,0.47,0.0
1,0.22,0.0,0.0,0.0,0.0,0.0,0.0,0.0,0.0,0.21,0.0,0.0,0.48,0.0
1,0.13,0.0,0.0,0.0,0.0,0.0,0.0,0.0,0.0,0.11,0.0,0.0,0.58,0.0
1,0.09,0.0,0.0,0.0,0.0,0.0,0.0,0.0,0.0,0.01,0.16,0.0,0.55,0.0
1,0.0,0.0,0.0,0.0,0.0,0.0,0.0,0.0,0.0,0.0,0.32,0.0,0.56,0.0
1,0.0,0.0,0.0,0.0,0.0,0.0,0.0,0.0,0.0,0.0,0.46,0.0,0.48,0.0
1,0.0,0.0,0.0,0.0,0.0,0.0,0.0,0.0,0.0,0.0,0.44,0.0,0.54,0.0
1,0.0,0.0,0.0,0.0,0.0,0.0,0.0,0.0,0.0,0.0,0.42,0.0,0.53,0.0
1,0.0,0.0,0.0,0.0,0.0,0.0,0.0,0.0,0.01,0.0,0.46,0.0,0.53,0.0
1,0.0,0.0,0.0,0.0,0.0,0.0,0.0,0.0,0.01,0.0,0.44,0.0,0.57,0.0
1,0.0,0.0,0.0,0.05,0.0,0.0,0.0,0.0,0.01,0.0,0.44,0.0,0.65,0.0
1,0.0,0.0,0.0,0.05,0.0,0.0,0.0,0.0,0.0,0.0,0.43,0.0,0.68,0.0
1,0.0,0.0,0.0,0.05,0.0,0.0,0.0,0.0,0.0,0.0,0.46,0.0,0.66,0.0
1,0.0,0.0,0.0,0.0,0.0,0.0,0.0,0.0,0.0,0.0,0.53,0.0,0.56,0.0
1,0.0,0.0,0.07,0.0,0.0,0.0,0.0,0.0,0.02,0.0,0.54,0.16,0.43,0.1
1,0.0,0.07,0.24,0.0,0.0,0.05,0.0,0.0,0.1,0.0,0.57,0.2,0.26,0.2
1,0.0,0.17,0.29,0.0,0.0,0.05,0.0,0.0,0.14,0.01,0.54,0.29,0.2,0.22
1,0.04,0.24,0.23,0.0,0.0,0.05,0.0,0.0,0.15,0.06,0.49,0.2,0.22,0.23
1,0.04,0.22,0.05,0.0,0.0,0.0,0.0,0.0,0.12,0.12,0.46,0.29,0.27,0.14
1,0.04,0.12,0.0,0.0,0.0,0.0,0.0,0.0,0.18,0.13,0.41,0.3,0.25,0.11
1,0.23,0.29,0.0,0.0,0.0,0.0,0.0,0.0,0.14,0.09,0.3,0.31,0.34,0.01
1,0.41,0.44,0.0,0.05,0.0,0.0,0.0,0.0,0.1,0.03,0.16,0.32,0.46,0.0
1,0.49,0.45,0.0,0.06,0.0,0.0,0.0,0.0,0.0,0.01,0.14,0.34,0.66,0.0
1,0.26,0.21,0.01,0.06,0.0,0.0,0.0,0.0,0.04,0.0,0.19,0.34,0.68,0.0
1,0.08,0.0,0.01,0.01,0.0,0.0,0.0,0.0,0.06,0.01,0.21,0.37,0.63,0.0
1,0.0,0.0,0.02,0.05,0.0,0.02,0.0,0.0,0.08,0.06,0.16,0.33,0.51,0.0
1,0.0,0.0,0.02,0.05,0.0,0.02,0.0,0.0,0.05,0.17,0.25,0.25,0.45,0.0
1,0.0,0.0,0.02,0.08,0.0,0.02,0.0,0.0,0.03,0.26,0.34,0.09,0.44,0.0
1,0.0,0.0,0.0,0.09,0.0,0.0,0.0,0.0,0.0,0.32,0.45,0.0,0.44,0.0
1,0.0,0.0,0.0,0.14,0.0,0.0,0.0,0.0,0.0,0.33,0.47,0.0,0.44,0.0
1,0.0,0.0,0.0,0.18,0.0,0.0,0.0,0.0,0.0,0.35,0.49,0.0,0.44,0.0
1,0.0,0.0,0.0,0.3,0.0,0.0,0.0,0.0,0.0,0.4,0.49,0.0,0.38,0.0
1,0.0,0.0,0.0,0.29,0.0,0.0,0.0,0.0,0.0,0.41,0.45,0.0,0.32,0.0
1,0.0,0.0,0.0,0.38,0.0,0.0,0.0,0.0,0.0,0.42,0.42,0.0,0.26,0.0
1,0.0,0.0,0.0,0.32,0.0,0.0,0.0,0.0,0.0,0.39,0.38,0.0,0.25,0.0
1,0.0,0.0,0.0,0.35,0.0,0.01,0.0,0.0,0.0,0.35,0.36,0.0,0.27,0.0
1,0.0,0.0,0.0,0.19,0.0,0.01,0.0,0.0,0.0,0.3,0.32,0.0,0.32,0.0
1,0.0,0.0,0.0,0.07,0.0,0.01,0.0,0.0,0.0,0.25,0.3,0.0,0.34,0.0
1,0.0,0.0,0.0,0.0,0.0,0.04,0.0,0.0,0.0,0.21,0.36,0.07,0.23,0.0
1,0.0,0.0,0.0,0.0,0.0,0.17,0.0,0.0,0.0,0.15,0.4,0.13,0.1,0.0
1,0.0,0.0,0.0,0.0,0.0,0.31,0.0,0.0,0.0,0.13,0.4,0.13,0.0,0.0
1,0.0,0.0,0.0,0.0,0.0,0.37,0.0,0.0,0.0,0.15,0.35,0.08,0.0,0.0
1,0.0,0.0,0.0,0.0,0.0,0.34,0.0,0.0,0.0,0.2,0.36,0.05,0.0,0.0
1,0.0,0.0,0.0,0.0,0.0,0.25,0.0,0.0,0.0,0.17,0.39,0.08,0.0,0.0
1,0.0,0.0,0.0,0.0,0.0,0.2,0.0,0.0,0.0,0.13,0.36,0.06,0.0,0.0
1,0.0,0.0,0.0,0.0,0.0,0.15,0.0,0.0,0.0,0.14,0.37,0.04,0.0,0.0
1,0.0,0.0,0.0,0.0,0.0,0.15,0.0,0.0,0.0,0.12,0.4,0.03,0.0,0.0
1,0.0,0.0,0.0,0.0,0.0,0.13,0.0,0.0,0.0,0.09,0.44,0.03,0.0,0.0
1,0.0,0.0,0.0,0.0,0.0,0.1,0.0,0.0,0.0,0.02,0.5,0.02,0.0,0.0
1,0.0,0.0,0.0,0.0,0.0,0.07,0.0,0.0,0.0,0.0,0.52,0.0,0.0,0.0
1,0.0,0.0,0.0,0.0,0.0,0.05,0.0,0.0,0.0,0.0,0.57,0.03,0.1,0.02
1,0.0,0.0,0.0,0.0,0.0,0.04,0.0,0.0,0.0,0.0,0.55,0.13,0.1,0.06
1,0.0,0.0,0.0,0.07,0.0,0.02,0.0,0.0,0.0,0.0,0.42,0.23,0.1,0.06
1,0.0,0.0,0.0,0.07,0.0,0.0,0.0,0.0,0.0,0.0,0.32,0.28,0.0,0.1
1,0.0,0.0,0.0,0.07,0.0,0.02,0.0,0.0,0.0,0.0,0.21,0.25,0.03,0.21
1,0.0,0.0,0.0,0.0,0.0,0.02,0.0,0.0,0.0,0.0,0.24,0.26,0.12,0.21
1,0.01,0.04,0.0,0.0,0.0,0.06,0.0,0.0,0.0,0.0,0.18,0.24,0.24,0.16
1,0.11,0.21,0.0,0.0,0.0,0.04,0.0,0.0,0.0,0.0,0.12,0.2,0.36,0.12
1,0.15,0.32,0.0,0.0,0.0,0.09,0.0,0.0,0.0,0.0,0.02,0.14,0.42,0.25
1,0.14,0.28,0.0,0.0,0.0,0.08,0.0,0.0,0.0,0.0,0.0,0.13,0.41,0.33
1,0.04,0.11,0.0,0.0,0.0,0.17,0.0,0.0,0.0,0.0,0.05,0.2,0.33,0.24
1,0.0,0.0,0.0,0.0,0.0,0.2,0.0,0.0,0.0,0.0,0.1,0.25,0.18,0.15
1,0.0,0.0,0.09,0.0,0.0,0.17,0.0,0.0,0.0,0.0,0.32,0.22,0.16,0.07
1,0.0,0.0,0.12,0.0,0.0,0.08,0.0,0.0,0.0,0.01,0.45,0.12,0.29,0.03
1,0.0,0.0,0.16,0.0,0.0,0.0,0.0,0.0,0.0,0.01,0.57,0.08,0.45,0.0
1,0.0,0.0,0.12,0.0,0.0,0.0,0.0,0.0,0.0,0.01,0.49,0.05,0.48,0.0
1,0.0,0.0,0.17,0.0,0.0,0.0,0.0,0.0,0.0,0.0,0.49,0.06,0.48,0.0
1,0.0,0.0,0.19,0.0,0.0,0.0,0.0,0.0,0.0,0.0,0.43,0.01,0.54,0.0
1,0.0,0.0,0.21,0.0,0.0,0.0,0.0,0.0,0.0,0.0,0.45,0.01,0.55,0.0
1,0.0,0.0,0.15,0.0,0.0,0.0,0.0,0.0,0.0,0.0,0.44,0.05,0.59,0.0
1,0.0,0.0,0.16,0.0,0.0,0.0,0.0,0.0,0.0,0.0,0.44,0.05,0.58,0.0
1,0.0,0.0,0.13,0.0,0.0,0.0,0.0,0.0,0.0,0.07,0.4,0.1,0.62,0.0
1,0.0,0.0,0.15,0.0,0.0,0.0,0.0,0.0,0.0,0.13,0.37,0.05,0.55,0.0
1,0.0,0.0,0.09,0.0,0.0,0.0,0.0,0.0,0.0,0.23,0.4,0.05,0.53,0.0
1,0.0,0.0,0.04,0.0,0.0,0.0,0.0,0.0,0.0,0.16,0.48,0.1,0.34,0.15
1,0.0,0.0,0.0,0.01,0.0,0.04,0.0,0.0,0.0,0.1,0.42,0.1,0.27,0.29
1,0.0,0.0,0.0,0.01,0.0,0.07,0.0,0.0,0.0,0.0,0.42,0.14,0.08,0.42
1,0.0,0.0,0.0,0.01,0.0,0.1,0.0,0.0,0.0,0.0,0.31,0.08,0.08,0.36
1,0.0,0.0,0.0,0.0,0.0,0.08,0.0,0.0,0.0,0.0,0.3,0.11,0.0,0.28
1,0.0,0.0,0.0,0.0,0.0,0.1,0.0,0.0,0.0,0.0,0.27,0.09,0.0,0.29
1,0.02,0.0,0.0,0.0,0.0,0.11,0.0,0.0,0.0,0.0,0.24,0.04,0.0,0.34
1,0.02,0.0,0.0,0.0,0.0,0.11,0.0,0.0,0.0,0.0,0.26,0.02,0.0,0.37
1,0.02,0.0,0.0,0.0,0.0,0.09,0.0,0.0,0.0,0.0,0.28,0.0,0.0,0.32
1,0.0,0.0,0.0,0.0,0.0,0.08,0.0,0.0,0.0,0.0,0.35,0.0,0.0,0.28
1,0.0,0.0,0.0,0.0,0.0,0.06,0.0,0.0,0.0,0.0,0.36,0.0,0.0,0.36
1,0.01,0.0,0.0,0.0,0.0,0.05,0.0,0.0,0.0,0.0,0.35,0.0,0.0,0.36
1,0.01,0.0,0.02,0.0,0.0,0.02,0.0,0.0,0.0,0.0,0.41,0.05,0.0,0.32
1,0.01,0.0,0.02,0.0,0.0,0.02,0.0,0.0,0.0,0.0,0.44,0.05,0.0,0.31
1,0.0,0.0,0.02,0.0,0.0,0.0,0.0,0.0,0.0,0.0,0.45,0.04,0.01,0.27
1,0.0,0.0,0.0,0.0,0.0,0.0,0.0,0.0,0.0,0.0,0.39,0.0,0.05,0.31
1,0.0,0.0,0.0,0.0,0.0,0.0,0.0,0.0,0.0,0.0,0.4,0.0,0.05,0.32
1,0.0,0.0,0.0,0.0,0.0,0.0,0.0,0.0,0.0,0.0,0.41,0.0,0.04,0.38
1,0.03,0.0,0.01,0.0,0.0,0.0,0.0,0.0,0.0,0.0,0.4,0.0,0.0,0.43
1,0.04,0.0,0.01,0.0,0.0,0.0,0.0,0.0,0.0,0.0,0.37,0.0,0.0,0.46
1,0.04,0.0,0.01,0.0,0.0,0.0,0.0,0.0,0.0,0.0,0.38,0.0,0.0,0.52
1,0.01,0.0,0.0,0.0,0.0,0.0,0.0,0.0,0.0,0.0,0.41,0.0,0.0,0.53
1,0.0,0.0,0.0,0.0,0.0,0.0,0.0,0.0,0.0,0.0,0.44,0.0,0.0,0.52
1,0.01,0.0,0.01,0.0,0.0,0.0,0.0,0.0,0.0,0.0,0.43,0.0,0.0,0.48
1,0.01,0.0,0.01,0.0,0.0,0.0,0.0,0.01,0.0,0.0,0.31,0.0,0.0,0.4
1,0.01,0.0,0.01,0.0,0.0,0.0,0.0,0.01,0.0,0.0,0.29,0.0,0.0,0.28
1,0.0,0.0,0.0,0.0,0.0,0.0,0.0,0.01,0.0,0.0,0.21,0.0,0.01,0.18
1,0.0,0.0,0.0,0.0,0.0,0.0,0.0,0.0,0.0,0.0,0.29,0.0,0.01,0.1
1,0.0,0.0,0.0,0.0,0.0,0.0,0.0,0.0,0.0,0.0,0.22,0.0,0.01,0.05
1,0.0,0.0,0.0,0.0,0.0,0.0,0.0,0.0,0.0,0.0,0.23,0.0,0.0,0.01
1,0.0,0.0,0.0,0.0,0.0,0.0,0.0,0.0,0.0,0.0,0.23,0.0,0.0,0.04
1,0.0,0.0,0.0,0.0,0.0,0.0,0.0,0.0,0.0,0.0,0.31,0.0,0.0,0.1
1,0.0,0.0,0.0,0.0,0.0,0.0,0.0,0.0,0.0,0.0,0.37,0.0,0.0,0.12
1,0.0,0.0,0.0,0.0,0.0,0.0,0.0,0.0,0.0,0.0,0.38,0.0,0.0,0.12
1,0.0,0.0,0.0,0.0,0.0,0.03,0.0,0.0,0.0,0.0,0.4,0.0,0.0,0.07
1,0.0,0.0,0.0,0.0,0.0,0.04,0.0,0.0,0.0,0.0,0.4,0.0,0.0,0.03
1,0.0,0.0,0.0,0.0,0.0,0.04,0.0,0.0,0.0,0.03,0.47,0.01,0.0,0.0
1,0.0,0.0,0.0,0.0,0.0,0.01,0.0,0.0,0.0,0.03,0.57,0.01,0.0,0.07
1,0.0,0.0,0.0,0.0,0.0,0.0,0.0,0.0,0.0,0.03,0.7,0.02,0.0,0.15
1,0.0,0.0,0.0,0.0,0.0,0.0,0.0,0.0,0.0,0.04,0.81,0.01,0.0,0.2
1,0.0,0.0,0.0,0.0,0.0,0.0,0.0,0.0,0.04,0.06,0.85,0.01,0.0,0.13
1,0.0,0.0,0.0,0.0,0.0,0.0,0.0,0.0,0.04,0.12,0.87,0.0,0.0,0.15
1,0.0,0.0,0.0,0.0,0.0,0.0,0.0,0.0,0.03,0.1,0.88,0.0,0.0,0.19
1,0.0,0.0,0.0,0.0,0.0,0.0,0.0,0.0,0.0,0.15,0.88,0.0,0.0,0.23
1,0.0,0.0,0.0,0.0,0.0,0.0,0.0,0.0,0.0,0.13,0.92,0.0,0.0,0.23
1,0.0,0.0,0.0,0.0,0.0,0.0,0.0,0.0,0.0,0.15,0.91,0.0,0.0,0.14
1,0.0,0.0,0.0,0.0,0.0,0.0,0.0,0.0,0.0,0.07,0.86,0.0,0.0,0.11
1,0.0,0.0,0.0,0.0,0.0,0.0,0.0,0.0,0.0,0.04,0.74,0.0,0.0,0.06
1,0.0,0.0,0.0,0.0,0.0,0.0,0.0,0.0,0.0,0.0,0.45,0.1,0.15,0.15
1,0.0,0.0,0.0,0.0,0.0,0.0,0.0,0.0,0.0,0.01,0.21,0.13,0.27,0.22
1,0.0,0.0,0.0,0.0,0.0,0.0,0.0,0.0,0.0,0.01,0.0,0.13,0.35,0.23
1,0.0,0.0,0.0,0.0,0.0,0.0,0.0,0.0,0.0,0.01,0.0,0.05,0.3,0.21
1,0.0,0.0,0.0,0.0,0.0,0.0,0.0,0.0,0.0,0.0,0.0,0.03,0.21,0.14
1,0.0,0.0,0.0,0.0,0.0,0.0,0.0,0.0,0.0,0.0,0.0,0.03,0.16,0.23
1,0.0,0.0,0.0,0.0,0.0,0.0,0.0,0.0,0.0,0.02,0.0,0.02,0.19,0.3
1,0.0,0.0,0.0,0.0,0.0,0.0,0.0,0.0,0.0,0.02,0.0,0.0,0.27,0.37
1,0.0,0.0,0.0,0.04,0.0,0.0,0.0,0.0,0.0,0.02,0.0,0.02,0.33,0.29
1,0.0,0.0,0.0,0.04,0.0,0.0,0.0,0.0,0.0,0.04,0.0,0.02,0.28,0.2
1,0.0,0.0,0.0,0.04,0.0,0.0,0.0,0.0,0.0,0.04,0.0,0.02,0.28,0.17
1,0.0,0.0,0.0,0.02,0.0,0.0,0.0,0.0,0.0,0.04,0.0,0.05,0.31,0.16
1,0.0,0.0,0.0,0.09,0.0,0.01,0.0,0.0,0.0,0.0,0.0,0.11,0.51,0.12
1,0.0,0.0,0.0,0.09,0.0,0.11,0.0,0.0,0.0,0.0,0.0,0.19,0.58,0.06
1,0.0,0.0,0.0,0.07,0.0,0.18,0.0,0.0,0.0,0.0,0.0,0.17,0.69,0.0
1,0.0,0.0,0.0,0.0,0.0,0.23,0.0,0.0,0.0,0.0,0.0,0.16,0.65,0.0
1,0.0,0.0,0.0,0.0,0.0,0.14,0.0,0.0,0.0,0.0,0.0,0.14,0.6,0.03
1,0.0,0.0,0.0,0.01,0.0,0.08,0.0,0.0,0.0,0.0,0.0,0.15,0.53,0.03
1,0.0,0.0,0.0,0.12,0.0,0.03,0.0,0.0,0.0,0.0,0.0,0.13,0.49,0.05
1,0.0,0.0,0.0,0.12,0.0,0.09,0.0,0.0,0.0,0.0,0.02,0.16,0.48,0.07
1,0.0,0.0,0.0,0.11,0.0,0.17,0.0,0.0,0.0,0.0,0.02,0.17,0.44,0.14
1,0.0,0.0,0.0,0.0,0.0,0.24,0.0,0.0,0.0,0.0,0.02,0.23,0.36,0.2
1,0.0,0.0,0.0,0.0,0.0,0.24,0.0,0.0,0.0,0.0,0.0,0.15,0.4,0.22
1,0.0,0.0,0.0,0.0,0.0,0.25,0.0,0.0,0.0,0.0,0.0,0.15,0.38,0.27
1,0.0,0.0,0.0,0.0,0.0,0.15,0.0,0.0,0.0,0.0,0.11,0.07,0.37,0.31
1,0.0,0.0,0.0,0.0,0.0,0.08,0.0,0.0,0.0,0.0,0.21,0.04,0.32,0.28
1,0.0,0.0,0.0,0.0,0.0,0.0,0.0,0.0,0.0,0.01,0.29,0.0,0.33,0.24
1,0.0,0.0,0.0,0.0,0.0,0.0,0.0,0.0,0.0,0.01,0.29,0.0,0.25,0.12
1,0.0,0.0,0.0,0.0,0.0,0.0,0.0,0.0,0.0,0.01,0.33,0.01,0.19,0.13
1,0.0,0.0,0.0,0.0,0.0,0.0,0.0,0.0,0.0,0.0,0.41,0.01,0.13,0.09
1,0.0,0.0,0.0,0.0,0.0,0.0,0.0,0.0,0.0,0.0,0.43,0.01,0.11,0.15
1,0.0,0.0,0.0,0.0,0.0,0.0,0.0,0.0,0.0,0.0,0.38,0.01,0.09,0.1
1,0.0,0.0,0.0,0.0,0.0,0.0,0.0,0.0,0.0,0.0,0.39,0.01,0.08,0.07
1,0.0,0.0,0.0,0.0,0.0,0.0,0.0,0.0,0.0,0.0,0.36,0.0,0.15,0.0
1,0.0,0.0,0.0,0.0,0.0,0.0,0.0,0.0,0.0,0.0,0.31,0.0,0.23,0.0
1,0.0,0.0,0.0,0.0,0.0,0.0,0.0,0.0,0.0,0.0,0.2,0.0,0.32,0.11
1,0.0,0.04,0.0,0.0,0.0,0.0,0.0,0.0,0.0,0.0,0.11,0.0,0.26,0.11
1,0.0,0.08,0.0,0.0,0.0,0.0,0.0,0.0,0.0,0.0,0.2,0.0,0.14,0.11
1,0.0,0.08,0.0,0.0,0.0,0.0,0.0,0.0,0.0,0.0,0.31,0.0,0.03,0.0
1,0.0,0.04,0.0,0.0,0.0,0.0,0.0,0.0,0.0,0.0,0.51,0.0,0.0,0.08
1,0.0,0.0,0.0,0.0,0.0,0.0,0.0,0.0,0.0,0.0,0.55,0.0,0.0,0.08
1,0.0,0.0,0.0,0.0,0.0,0.0,0.0,0.0,0.0,0.0,0.56,0.01,0.0,0.12
1,0.0,0.0,0.0,0.0,0.0,0.0,0.0,0.01,0.0,0.0,0.49,0.01,0.0,0.04
1,0.0,0.0,0.0,0.0,0.0,0.0,0.0,0.01,0.0,0.0,0.45,0.01,0.0,0.03
1,0.05,0.0,0.0,0.0,0.0,0.0,0.0,0.0,0.0,0.0,0.32,0.0,0.0,0.0
1,0.09,0.06,0.0,0.0,0.0,0.01,0.0,0.0,0.0,0.0,0.29,0.0,0.0,0.04
1,0.09,0.06,0.0,0.0,0.0,0.07,0.0,0.0,0.0,0.0,0.25,0.0,0.0,0.08
1,0.04,0.1,0.0,0.0,0.0,0.13,0.0,0.01,0.0,0.0,0.32,0.0,0.0,0.08
1,0.01,0.04,0.0,0.02,0.0,0.11,0.0,0.01,0.08,0.0,0.23,0.17,0.06,0.16
1,0.04,0.04,0.0,0.07,0.0,0.06,0.0,0.01,0.08,0.0,0.12,0.25,0.12,0.28
1,0.09,0.0,0.0,0.07,0.0,0.0,0.0,0.0,0.1,0.0,0.02,0.35,0.18,0.32
1,0.1,0.0,0.0,0.05,0.0,0.0,0.0,0.0,0.04,0.0,0.0,0.32,0.2,0.31
1,0.07,0.0,0.0,0.0,0.0,0.0,0.0,0.0,0.04,0.0,0.0,0.41,0.22,0.2
1,0.03,0.0,0.0,0.0,0.0,0.0,0.0,0.0,0.02,0.0,0.0,0.46,0.24,0.18
1,0.01,0.0,0.0,0.0,0.0,0.0,0.0,0.0,0.04,0.0,0.0,0.41,0.26,0.06
1,0.03,0.0,0.0,0.01,0.0,0.0,0.0,0.0,0.11,0.0,0.0,0.34,0.25,0.02
1,0.07,0.0,0.0,0.1,0.0,0.0,0.0,0.0,0.13,0.0,0.0,0.22,0.26,0.0
1,0.07,0.0,0.0,0.15,0.0,0.0,0.0,0.0,0.16,0.0,0.0,0.2,0.18,0.01
1,0.11,0.0,0.0,0.14,0.0,0.0,0.0,0.0,0.17,0.0,0.0,0.18,0.13,0.01
1,0.08,0.0,0.0,0.06,0.0,0.0,0.0,0.0,0.18,0.0,0.02,0.21,0.06,0.01
1,0.08,0.0,0.0,0.01,0.0,0.0,0.0,0.0,0.11,0.0,0.02,0.2,0.1,0.06
1,0.04,0.0,0.0,0.01,0.0,0.0,0.0,0.0,0.07,0.0,0.09,0.12,0.17,0.1
1,0.0,0.0,0.0,0.0,0.0,0.0,0.0,0.0,0.07,0.0,0.11,0.06,0.22,0.18
1,0.0,0.0,0.0,0.0,0.0,0.0,0.0,0.0,0.15,0.0,0.22,0.0,0.22,0.2
1,0.0,0.0,0.0,0.0,0.0,0.0,0.0,0.0,0.2,0.0,0.24,0.0,0.13,0.17
1,0.0,0.0,0.0,0.0,0.0,0.0,0.0,0.0,0.24,0.0,0.34,0.0,0.11,0.17
1,0.0,0.0,0.0,0.0,0.0,0.0,0.0,0.0,0.25,0.0,0.32,0.0,0.08,0.18
1,0.0,0.0,0.0,0.0,0.0,0.0,0.0,0.0,0.25,0.0,0.32,0.0,0.15,0.28
1,0.0,0.0,0.0,0.0,0.0,0.0,0.0,0.0,0.28,0.0,0.33,0.0,0.16,0.36
1,0.0,0.0,0.0,0.0,0.0,0.0,0.0,0.01,0.3,0.0,0.4,0.0,0.22,0.39
1,0.0,0.0,0.0,0.0,0.0,0.0,0.0,0.01,0.33,0.0,0.42,0.0,0.29,0.38
1,0.0,0.0,0.0,0.0,0.0,0.0,0.0,0.01,0.31,0.0,0.4,0.0,0.3,0.26
1,0.0,0.0,0.0,0.07,0.0,0.0,0.0,0.0,0.19,0.0,0.43,0.03,0.48,0.26
1,0.0,0.0,0.0,0.07,0.0,0.0,0.0,0.0,0.09,0.0,0.42,0.04,0.59,0.39
1,0.0,0.0,0.0,0.16,0.0,0.0,0.0,0.0,0.0,0.0,0.41,0.12,0.71,0.48
1,0.0,0.0,0.0,0.33,0.0,0.0,0.0,0.02,0.0,0.0,0.34,0.16,0.67,0.53
1,0.0,0.0,0.0,0.36,0.0,0.0,0.0,0.02,0.0,0.0,0.3,0.15,0.63,0.41
1,0.15,0.38,0.0,0.34,0.0,0.0,0.0,0.02,0.0,0.0,0.22,0.19,0.79,0.27
1,0.27,0.67,0.0,0.15,0.0,0.0,0.0,0.0,0.0,0.0,0.18,0.13,0.95,0.14
1,0.39,1.1,0.0,0.11,0.0,0.0,0.0,0.01,0.0,0.0,0.15,0.13,1.03,0.13
1,0.35,1.01,0.0,0.04,0.0,0.0,0.0,0.01,0.0,0.0,0.18,0.0,0.98,0.22
1,0.41,1.0,0.0,0.0,0.0,0.0,0.0,0.02,0.0,0.0,0.17,0.0,0.93,0.25
1,0.41,0.82,0.0,0.01,0.0,0.0,0.0,0.01,0.0,0.0,0.2,0.0,0.93,0.25
1,0.36,0.79,0.0,0.01,0.0,0.0,0.0,0.01,0.0,0.0,0.17,0.0,0.94,0.26
1,0.18,0.63,0.0,0.09,0.0,0.0,0.0,0.0,0.0,0.0,0.3,0.0,0.71,0.25
1,0.05,0.47,0.0,0.11,0.0,0.0,0.0,0.0,0.0,0.0,0.42,0.0,0.48,0.19
1,0.0,0.33,0.0,0.2,0.0,0.0,0.0,0.0,0.06,0.0,0.63,0.0,0.27,0.13
1,0.0,0.35,0.0,0.25,0.0,0.0,0.0,0.0,0.06,0.0,0.71,0.0,0.26,0.06
1,0.0,0.43,0.0,0.23,0.0,0.0,0.0,0.0,0.06,0.0,0.75,0.0,0.28,0.1
1,0.0,0.34,0.0,0.16,0.0,0.0,0.0,0.0,0.0,0.0,0.7,0.0,0.25,0.1
1,0.0,0.21,0.0,0.1,0.0,0.0,0.0,0.0,0.08,0.0,0.72,0.0,0.26,0.1
1,0.0,0.14,0.0,0.1,0.0,0.0,0.0,0.0,0.2,0.0,0.75,0.01,0.21,0.13
1,0.0,0.33,0.0,0.08,0.0,0.0,0.0,0.0,0.3,0.05,0.81,0.01,0.23,0.31
1,0.0,0.53,0.0,0.08,0.0,0.0,0.0,0.0,0.22,0.05,0.9,0.01,0.12,0.4
1,0.0,0.53,0.0,0.07,0.0,0.0,0.0,0.0,0.11,0.05,0.97,0.0,0.09,0.56
1,0.0,0.43,0.0,0.15,0.0,0.0,0.0,0.0,0.0,0.0,1.01,0.0,0.0,0.59
1,0.07,0.3,0.0,0.19,0.0,0.0,0.0,0.0,0.0,0.0,1.14,0.05,0.03,0.99
1,0.11,0.21,0.0,0.19,0.0,0.0,0.0,0.0,0.02,0.0,1.42,0.12,0.03,1.18
1,0.11,0.11,0.0,0.1,0.0,0.0,0.0,0.0,0.05,0.0,1.68,0.12,0.07,1.25
1,0.04,0.23,0.0,0.0,0.0,0.0,0.0,0.0,0.05,0.0,1.78,0.07,0.1,1.0
1,0.0,0.22,0.0,0.0,0.0,0.0,0.0,0.02,0.03,0.0,1.83,0.0,0.11,0.8
1,0.0,0.22,0.01,0.0,0.0,0.0,0.0,0.02,0.0,0.0,1.84,0.0,0.16,0.94
1,0.0,0.01,0.01,0.0,0.0,0.0,0.0,0.02,0.0,0.0,1.72,0.0,0.14,1.12
1,0.0,0.2,0.01,0.0,0.0,0.0,0.0,0.0,0.0,0.0,1.37,0.0,0.48,1.37
1,0.0,0.28,0.0,0.0,0.0,0.0,0.0,0.0,0.0,0.06,1.15,0.0,0.84,1.41
1,0.0,0.6,0.0,0.0,0.0,0.0,0.0,0.0,0.0,0.21,1.03,0.0,1.12,1.59
1,0.0,0.71,0.0,0.0,0.0,0.0,0.0,0.04,0.0,0.37,1.03,0.0,1.03,1.47
1,0.1,0.95,0.0,0.0,0.0,0.0,0.0,0.04,0.0,0.3,0.94,0.0,0.81,1.41
1,0.1,0.62,0.12,0.0,0.0,0.0,0.0,0.04,0.0,0.32,1.08,0.07,0.59,1.03
1,0.1,0.32,0.12,0.0,0.0,0.0,0.0,0.0,0.0,0.26,1.18,0.07,0.42,0.9
1,0.0,0.0,0.12,0.0,0.0,0.0,0.0,0.0,0.0,0.46,1.29,0.07,0.41,0.85
1,0.0,0.09,0.0,0.0,0.0,0.0,0.0,0.0,0.0,0.46,1.2,0.0,0.49,1.01
1,0.02,0.18,0.01,0.0,0.0,0.0,0.0,0.0,0.0,0.63,1.26,0.0,0.48,1.13
1,0.05,0.36,0.05,0.0,0.0,0.0,0.0,0.0,0.0,0.67,1.4,0.0,0.29,1.11
1,0.05,0.3,0.14,0.0,0.0,0.0,0.0,0.0,0.0,0.79,1.48,0.0,0.31,1.19
1,0.04,0.21,0.36,0.0,0.0,0.0,0.0,0.0,0.02,0.78,1.54,0.0,0.42,1.25
1,0.14,0.17,0.56,0.0,0.0,0.0,0.0,0.0,0.02,0.82,1.51,0.0,0.74,1.34
1,0.21,0.23,0.71,0.0,0.0,0.0,0.0,0.0,0.02,1.01,1.57,0.0,1.02,1.32
1,0.77,0.62,0.7,0.0,0.0,0.0,0.0,0.0,0.0,1.16,1.48,0.0,1.39,1.31
1,1.13,0.8,0.48,0.0,0.0,0.0,0.0,0.0,0.0,1.37,1.52,0.0,1.48,1.39
1,1.21,0.71,0.24,0.0,0.0,0.0,0.0,0.04,0.0,1.05,1.29,0.09,1.3,1.37
1,0.7,0.32,0.02,0.0,0.0,0.0,0.0,0.07,0.0,0.85,1.27,0.25,0.95,1.39
1,0.34,0.0,0.0,0.0,0.0,0.0,0.0,0.18,0.0,0.58,1.19,0.42,0.54,1.16
1,0.21,0.0,0.0,0.0,0.0,0.0,0.0,0.19,0.0,0.68,1.29,0.45,0.31,1.04
1,0.31,0.0,0.0,0.0,0.0,0.0,0.0,0.24,0.09,0.74,1.41,0.45,0.1,0.93
1,0.17,0.0,0.0,0.0,0.0,0.0,0.0,0.25,0.23,0.76,1.56,0.37,0.05,1.02
1,0.15,0.0,0.0,0.0,0.0,0.0,0.0,0.31,0.38,0.71,1.8,0.32,0.0,1.11
1,0.0,0.0,0.0,0.0,0.0,0.0,0.0,0.36,0.41,0.57,1.88,0.27,0.0,1.18
1,0.09,0.0,0.0,0.0,0.0,0.0,0.0,0.36,0.37,0.55,1.8,0.31,0.04,1.22
1,0.18,0.0,0.0,0.0,0.0,0.0,0.0,0.38,0.22,0.63,1.59,0.29,0.2,1.34
1,0.23,0.0,0.0,0.0,0.0,0.0,0.0,0.33,0.09,0.77,1.49,0.17,0.45,1.34
1,0.25,0.0,0.0,0.0,0.0,0.0,0.0,0.32,0.0,0.81,1.37,0.05,0.86,1.25
1,0.16,0.0,0.0,0.0,0.02,0.0,0.0,0.21,0.05,0.75,1.3,0.04,1.01,1.0
1,0.11,0.0,0.0,0.0,0.05,0.0,0.0,0.16,0.05,0.85,1.12,0.06,0.98,1.01
1,0.0,0.0,0.0,0.0,0.08,0.0,0.0,0.11,0.12,0.88,1.07,0.18,0.74,1.09
1,0.0,0.0,0.0,0.0,0.11,0.0,0.0,0.14,0.19,1.14,0.94,0.24,0.63,1.23
1,0.0,0.0,0.0,0.0,0.14,0.0,0.0,0.2,0.38,1.15,1.0,0.27,0.71,1.27
1,0.0,0.0,0.0,0.0,0.17,0.0,0.0,0.22,0.35,1.3,1.01,0.16,0.79,1.3
1,0.06,0.0,0.0,0.0,0.2,0.0,0.0,0.26,0.48,1.24,1.24,0.06,0.86,1.33
1,0.06,0.0,0.0,0.0,0.17,0.0,0.0,0.22,0.6,1.31,1.51,0.01,0.68,1.17
1,0.13,0.0,0.0,0.0,0.13,0.0,0.0,0.19,0.88,1.04,1.88,0.0,0.65,1.08
1,0.07,0.0,0.0,0.0,0.08,0.0,0.12,0.14,1.0,0.96,2.15,0.02,0.66,1.0
1,0.07,0.0,0.0,0.0,0.06,0.0,0.13,0.08,1.02,0.57,2.23,0.02,0.97,1.05
1,0.0,0.0,0.0,0.0,0.04,0.04,0.14,0.1,0.91,0.4,2.0,0.02,0.97,1.17
1,0.0,0.0,0.0,0.19,0.0,0.04,0.02,0.06,0.76,0.07,1.61,0.0,0.82,0.98
1,0.02,0.0,0.0,0.5,0.0,0.04,0.01,0.06,0.66,0.1,0.97,0.0,0.44,0.85
1,0.13,0.05,0.0,0.61,0.0,0.0,0.0,0.0,0.53,0.18,0.47,0.0,0.34,0.69
1,0.13,0.05,0.0,0.66,0.0,0.0,0.0,0.0,0.35,0.33,0.16,0.0,0.21,0.69
1,0.36,0.12,0.0,0.48,0.0,0.0,0.0,0.0,0.12,0.41,0.12,0.0,0.18,0.57
1,0.4,0.1,0.0,0.38,0.0,0.0,0.0,0.0,0.07,0.49,0.2,0.0,0.0,0.47
1,0.4,0.1,0.0,0.14,0.0,0.03,0.0,0.0,0.2,0.53,0.21,0.0,0.0,0.39
1,0.36,0.07,0.0,0.01,0.0,0.04,0.0,0.0,0.29,0.6,0.24,0.0,0.02,0.29
1,0.36,0.04,0.0,0.0,0.0,0.05,0.0,0.0,0.45,0.57,0.38,0.0,0.02,0.2
1,0.4,0.04,0.0,0.0,0.0,0.02,0.0,0.0,0.33,0.47,0.66,0.0,0.22,0.19
1,0.18,0.0,0.0,0.05,0.0,0.08,0.0,0.0,0.24,0.4,0.82,0.14,0.21,0.19
1,0.06,0.0,0.0,0.11,0.0,0.11,0.0,0.0,0.05,0.42,0.59,0.14,0.25,0.17
1,0.08,0.12,0.0,0.11,0.0,0.26,0.0,0.01,0.05,0.37,0.26,0.14,0.18,0.19
1,0.18,0.13,0.0,0.06,0.0,0.34,0.0,0.04,0.05,0.23,0.14,0.11,0.38,0.33
1,0.26,0.13,0.0,0.0,0.0,0.49,0.0,0.04,0.09,0.23,0.32,0.31,0.6,0.3
1,0.26,0.0,0.02,0.0,0.0,0.54,0.0,0.03,0.03,0.34,0.48,0.44,0.93,0.3
1,0.22,0.0,0.15,0.14,0.0,0.48,0.0,0.0,0.03,0.46,0.52,0.48,1.0,0.24
1,0.14,0.0,0.2,0.24,0.0,0.41,0.0,0.0,0.0,0.55,0.48,0.34,1.02,0.24
1,0.27,0.0,0.27,0.35,0.0,0.37,0.0,0.0,0.0,0.5,0.57,0.32,0.8,0.22
1,0.37,0.0,0.15,0.32,0.0,0.41,0.0,0.0,0.0,0.44,0.6,0.18,0.76,0.28
1,0.46,0.0,0.1,0.4,0.0,0.36,0.0,0.0,0.0,0.31,0.67,0.15,0.8,0.33
1,0.38,0.0,0.0,0.33,0.0,0.35,0.0,0.0,0.0,0.31,0.63,0.12,0.94,0.35
1,0.38,0.08,0.0,0.28,0.0,0.38,0.0,0.0,0.0,0.42,0.56,0.13,1.1,0.32
1,0.41,0.08,0.0,0.1,0.0,0.47,0.0,0.0,0.0,0.5,0.48,0.16,1.1,0.31
1,0.31,0.08,0.0,0.19,0.0,0.32,0.0,0.0,0.0,0.51,0.38,0.16,0.95,0.3
1,0.29,0.03,0.0,0.12,0.0,0.26,0.0,0.0,0.0,0.42,0.42,0.16,0.75,0.22
1,0.39,0.17,0.0,0.17,0.0,0.11,0.0,0.0,0.0,0.41,0.53,0.1,0.56,0.11
1,0.72,0.37,0.0,0.04,0.0,0.11,0.0,0.0,0.0,0.52,0.59,0.02,0.54,0.03
1,0.97,0.56,0.0,0.07,0.0,0.03,0.0,0.0,0.0,0.57,0.61,0.03,0.6,0.0
1,0.83,0.56,0.0,0.02,0.0,0.05,0.0,0.0,0.06,0.51,0.53,0.05,0.74,0.0
1,0.6,0.46,0.03,0.02,0.0,0.08,0.0,0.0,0.17,0.35,0.46,0.15,0.79,0.0
1,0.27,0.43,0.04,0.0,0.0,0.08,0.0,0.0,0.27,0.22,0.36,0.17,0.84,0.0
1,0.29,0.56,0.11,0.0,0.0,0.06,0.0,0.0,0.31,0.12,0.27,0.21,0.8,0.0
1,0.3,0.6,0.14,0.0,0.0,0.04,0.0,0.0,0.2,0.22,0.25,0.11,0.74,0.0
1,0.29,0.51,0.17,0.0,0.0,0.09,0.0,0.0,0.1,0.29,0.19,0.06,0.68,0.0
1,0.3,0.4,0.18,0.0,0.0,0.16,0.0,0.0,0.0,0.34,0.14,0.0,0.69,0.0
1,0.22,0.26,0.26,0.0,0.06,0.22,0.0,0.02,0.0,0.18,0.06,0.07,0.68,0.0
1,0.35,0.26,0.34,0.0,0.13,0.17,0.0,0.1,0.0,0.18,0.01,0.07,0.79,0.0
1,0.38,0.11,0.36,0.0,0.19,0.1,0.0,0.17,0.0,0.18,0.03,0.07,0.94,0.0
1,0.53,0.15,0.34,0.0,0.18,0.02,0.0,0.23,0.0,0.26,0.05,0.0,1.13,0.0
1,0.54,0.09,0.38,0.0,0.19,0.02,0.0,0.23,0.0,0.24,0.08,0.0,1.16,0.03
1,0.59,0.15,0.41,0.0,0.18,0.01,0.0,0.23,0.0,0.27,0.06,0.0,1.15,0.03
1,0.62,0.15,0.42,0.0,0.17,0.01,0.0,0.2,0.0,0.3,0.11,0.0,1.14,0.03
1,0.61,0.14,0.37,0.0,0.13,0.02,0.0,0.18,0.0,0.25,0.16,0.0,1.15,0.0
1,0.56,0.21,0.4,0.0,0.13,0.04,0.0,0.15,0.0,0.24,0.24,0.0,1.09,0.0
1,0.5,0.24,0.44,0.0,0.09,0.04,0.0,0.1,0.0,0.22,0.27,0.0,1.08,0.0
1,0.5,0.34,0.51,0.0,0.09,0.06,0.0,0.07,0.0,0.26,0.29,0.0,1.08,0.01
1,0.46,0.24,0.6,0.0,0.08,0.1,0.0,0.05,0.0,0.26,0.29,0.0,1.03,0.01
1,0.44,0.16,0.52,0.0,0.06,0.09,0.0,0.03,0.0,0.18,0.19,0.0,0.7,0.03
1,0.26,0.03,0.39,0.0,0.03,0.05,0.0,0.01,0.0,0.1,0.11,0.0,0.42,0.02
1,0.14,0.0,0.15,0.0,0.0,0.0,0.0,0.0,0.0,0.0,0.05,0.0,0.2,0.02
1,0.06,0.05,0.13,0.0,0.0,0.0,0.0,0.0,0.0,0.0,0.08,0.0,0.2,0.0
1,0.09,0.08,0.11,0.0,0.0,0.0,0.0,0.0,0.0,0.0,0.06,0.0,0.21,0.0
1,0.1,0.13,0.11,0.0,0.0,0.0,0.0,0.0,0.0,0.0,0.05,0.0,0.28,0.0
1,0.09,0.11,0.03,0.0,0.0,0.0,0.0,0.0,0.0,0.03,0.04,0.0,0.39,0.0
1,0.09,0.14,0.0,0.0,0.0,0.0,0.0,0.0,0.0,0.06,0.03,0.0,0.39,0.0
1,0.11,0.13,0.0,0.0,0.0,0.0,0.0,0.0,0.0,0.1,0.01,0.0,0.33,0.0
1,0.11,0.1,0.0,0.0,0.0,0.0,0.0,0.0,0.0,0.08,0.0,0.0,0.26,0.0
1,0.07,0.04,0.0,0.0,0.0,0.0,0.0,0.0,0.0,0.05,0.04,0.0,0.21,0.0
1,0.09,0.0,0.0,0.0,0.0,0.0,0.0,0.01,0.0,0.03,0.05,0.0,0.28,0.0
1,0.18,0.0,0.0,0.0,0.0,0.04,0.0,0.04,0.0,0.01,0.05,0.0,0.39,0.21
1,0.22,0.03,0.0,0.0,0.0,0.04,0.0,0.06,0.0,0.01,0.01,0.0,0.56,0.37
1,0.22,0.03,0.0,0.0,0.0,0.07,0.0,0.09,0.0,0.0,0.0,0.0,0.57,0.41
1,0.09,0.04,0.0,0.0,0.0,0.04,0.0,0.08,0.0,0.0,0.0,0.0,0.68,0.28
1,0.05,0.01,0.0,0.0,0.0,0.06,0.0,0.07,0.0,0.0,0.0,0.0,0.67,0.18
1,0.0,0.01,0.0,0.0,0.0,0.03,0.0,0.03,0.0,0.08,0.03,0.0,0.63,0.17
1,0.0,0.0,0.0,0.0,0.0,0.02,0.0,0.01,0.0,0.12,0.05,0.0,0.5,0.16
1,0.0,0.0,0.0,0.0,0.0,0.0,0.0,0.02,0.0,0.22,0.11,0.0,0.43,0.1
1,0.0,0.0,0.0,0.0,0.0,0.0,0.0,0.02,0.0,0.2,0.22,0.0,0.46,0.08
1,0.0,0.0,0.0,0.0,0.0,0.0,0.0,0.02,0.0,0.22,0.34,0.0,0.46,0.02
1,0.0,0.0,0.0,0.0,0.0,0.0,0.0,0.0,0.0,0.2,0.37,0.0,0.5,0.06
1,0.0,0.0,0.0,0.0,0.0,0.02,0.0,0.0,0.0,0.14,0.38,0.0,0.47,0.1
1,0.19,0.0,0.0,0.27,0.0,0.02,0.0,0.0,0.0,0.07,0.31,0.0,0.46,0.24
1,0.36,0.0,0.0,0.58,0.0,0.02,0.0,0.0,0.0,0.0,0.29,0.0,0.44,0.27
1,0.5,0.0,0.0,0.86,0.0,0.0,0.0,0.0,0.0,0.0,0.16,0.0,0.51,0.35
1,0.47,0.0,0.0,0.76,0.0,0.0,0.0,0.0,0.0,0.0,0.1,0.0,0.55,0.34
1,0.5,0.0,0.0,0.54,0.0,0.0,0.0,0.0,0.0,0.0,0.03,0.0,0.54,0.41
1,0.56,0.0,0.0,0.39,0.0,0.0,0.0,0.0,0.0,0.0,0.04,0.08,0.51,0.34
1,0.55,0.0,0.0,0.35,0.0,0.0,0.0,0.0,0.0,0.0,0.02,0.08,0.4,0.3
1,0.52,0.0,0.0,0.37,0.0,0.0,0.0,0.0,0.0,0.0,0.02,0.08,0.31,0.3
1,0.49,0.0,0.0,0.31,0.0,0.0,0.0,0.0,0.0,0.0,0.0,0.0,0.25,0.34
1,0.51,0.0,0.0,0.17,0.0,0.0,0.0,0.0,0.0,0.0,0.02,0.0,0.19,0.26
1,0.51,0.0,0.0,0.07,0.0,0.0,0.0,0.0,0.0,0.0,0.04,0.0,0.17,0.16
1,0.46,0.0,0.0,0.0,0.0,0.0,0.0,0.0,0.0,0.0,0.04,0.0,0.16,0.12
1,0.29,0.0,0.0,0.0,0.0,0.0,0.0,0.01,0.23,0.02,0.17,0.02,0.25,0.18
1,0.18,0.01,0.0,0.0,0.0,0.0,0.0,0.01,0.45,0.02,0.24,0.02,0.29,0.25
1,0.11,0.01,0.02,0.0,0.0,0.04,0.0,0.01,0.57,0.02,0.37,0.02,0.31,0.24
1,0.19,0.01,0.06,0.0,0.0,0.07,0.0,0.0,0.47,0.0,0.34,0.02,0.31,0.21
1,0.22,0.1,0.16,0.0,0.0,0.08,0.0,0.0,0.48,0.0,0.42,0.04,0.31,0.16
1,0.19,0.16,0.19,0.0,0.0,0.04,0.0,0.0,0.52,0.0,0.33,0.04,0.34,0.2
1,0.15,0.16,0.18,0.0,0.0,0.01,0.0,0.0,0.48,0.0,0.3,0.02,0.39,0.32
1,0.13,0.11,0.2,0.0,0.0,0.0,0.0,0.0,0.38,0.0,0.18,0.0,0.52,0.47
1,0.24,0.18,0.23,0.0,0.0,0.01,0.0,0.0,0.4,0.0,0.21,0.0,0.57,0.47
1,0.38,0.38,0.31,0.0,0.0,0.04,0.0,0.0,0.43,0.04,0.25,0.0,0.63,0.48
1,0.58,0.5,0.32,0.0,0.0,0.04,0.0,0.0,0.42,0.08,0.32,0.02,0.54,0.34
1,0.66,0.56,0.3,0.01,0.0,0.03,0.0,0.0,0.33,0.12,0.34,0.02,0.48,0.25
1,0.49,0.36,0.19,0.01,0.0,0.0,0.0,0.0,0.2,0.09,0.24,0.09,0.56,0.17
1,0.29,0.34,0.06,0.01,0.05,0.0,0.0,0.03,0.1,0.04,0.17,0.07,0.7,0.22
1,0.16,0.32,0.0,0.0,0.09,0.0,0.0,0.05,0.0,0.0,0.1,0.07,0.85,0.28
1,0.26,0.43,0.0,0.0,0.09,0.0,0.0,0.06,0.0,0.0,0.14,0.05,0.82,0.21
1,0.25,0.35,0.0,0.0,0.04,0.0,0.0,0.03,0.0,0.0,0.17,0.11,0.79,0.1
1,0.2,0.27,0.0,0.0,0.0,0.0,0.0,0.03,0.0,0.0,0.21,0.15,0.78,0.12
1,0.18,0.24,0.0,0.0,0.0,0.0,0.0,0.01,0.0,0.0,0.23,0.1,0.73,0.19
1,0.11,0.23,0.0,0.0,0.0,0.0,0.0,0.01,0.0,0.0,0.28,0.04,0.73,0.25
1,0.13,0.24,0.0,0.0,0.0,0.0,0.0,0.0,0.0,0.0,0.29,0.0,0.7,0.21
1,0.06,0.15,0.0,0.0,0.0,0.0,0.0,0.01,0.0,0.0,0.33,0.0,0.71,0.17
1,0.18,0.28,0.0,0.0,0.0,0.0,0.0,0.01,0.0,0.0,0.27,0.0,0.76,0.26
1,0.36,0.41,0.0,0.0,0.0,0.0,0.0,0.01,0.0,0.0,0.2,0.08,0.85,0.28
1,0.76,0.56,0.0,0.0,0.0,0.0,0.0,0.0,0.0,0.18,0.08,0.21,0.81,0.37
1,0.91,0.55,0.02,0.0,0.0,0.0,0.0,0.01,0.0,0.26,0.01,0.27,0.77,0.32
1,0.96,0.42,0.12,0.0,0.0,0.0,0.0,0.01,0.0,0.32,0.0,0.2,0.7,0.37
1,0.87,0.39,0.22,0.0,0.0,0.0,0.0,0.01,0.0,0.2,0.0,0.07,0.73,0.32
1,0.93,0.37,0.34,0.0,0.0,0.0,0.0,0.07,0.0,0.24,0.0,0.01,0.76,0.34
1,0.97,0.45,0.44,0.0,0.0,0.0,0.0,0.11,0.0,0.27,0.0,0.0,0.78,0.3
1,1.0,0.49,0.52,0.0,0.0,0.0,0.0,0.13,0.0,0.27,0.0,0.0,0.78,0.25
1,0.94,0.48,0.58,0.0,0.0,0.0,0.0,0.1,0.0,0.27,0.0,0.0,0.76,0.2
1,0.89,0.46,0.45,0.0,0.0,0.0,0.0,0.11,0.0,0.26,0.0,0.0,0.69,0.19
1,0.79,0.47,0.45,0.0,0.0,0.0,0.0,0.16,0.01,0.23,0.0,0.02,0.62,0.16
1,0.85,0.6,0.27,0.0,0.0,0.0,0.0,0.24,0.01,0.18,0.0,0.05,0.56,0.19
1,0.92,0.7,0.24,0.0,0.0,0.0,0.0,0.35,0.04,0.2,0.0,0.07,0.53,0.24
1,0.67,0.54,0.08,0.0,0.0,0.0,0.0,0.31,0.03,0.17,0.04,0.05,0.48,0.22
1,0.33,0.26,0.13,0.01,0.0,0.0,0.0,0.24,0.03,0.1,0.1,0.02,0.41,0.2
1,0.0,0.0,0.15,0.02,0.0,0.0,0.0,0.1,0.0,0.0,0.15,0.0,0.34,0.13
1,0.0,0.0,0.23,0.02,0.0,0.0,0.0,0.1,0.0,0.0,0.18,0.0,0.36,0.17
1,0.01,0.0,0.17,0.01,0.0,0.0,0.0,0.09,0.06,0.0,0.23,0.0,0.38,0.09
1,0.03,0.0,0.16,0.0,0.0,0.0,0.0,0.09,0.19,0.0,0.33,0.0,0.38,0.06
1,0.08,0.0,0.23,0.0,0.0,0.0,0.0,0.06,0.19,0.0,0.29,0.0,0.35,0.01
1,0.15,0.08,0.39,0.0,0.0,0.0,0.0,0.02,0.13,0.0,0.2,0.0,0.33,0.01
1,0.18,0.08,0.45,0.0,0.0,0.0,0.0,0.0,0.12,0.0,0.12,0.0,0.33,0.02
1,0.13,0.08,0.35,0.0,0.0,0.0,0.0,0.0,0.33,0.0,0.17,0.0,0.32,0.02
1,0.05,0.0,0.38,0.04,0.0,0.0,0.0,0.0,0.45,0.0,0.15,0.0,0.33,0.02
1,0.0,0.04,0.25,0.04,0.0,0.0,0.0,0.0,0.48,0.0,0.07,0.0,0.38,0.05
1,0.0,0.04,0.39,0.04,0.0,0.04,0.0,0.0,0.39,0.0,0.26,0.03,0.26,0.1
1,0.0,0.04,0.4,0.0,0.0,0.06,0.0,0.0,0.43,0.0,0.46,0.03,0.14,0.1
1,0.0,0.0,0.55,0.0,0.0,0.06,0.0,0.0,0.39,0.0,0.63,0.03,0.0,0.07
1,0.0,0.0,0.46,0.0,0.0,0.05,0.0,0.02,0.39,0.0,0.56,0.0,0.0,0.06
1,0.0,0.0,0.42,0.0,0.0,0.05,0.0,0.02,0.38,0.06,0.55,0.02,0.01,0.16
1,0.0,0.0,0.4,0.0,0.0,0.05,0.0,0.03,0.42,0.09,0.56,0.02,0.01,0.17
1,0.0,0.0,0.41,0.0,0.0,0.04,0.0,0.06,0.44,0.09,0.57,0.06,0.01,0.18
1,0.0,0.0,0.28,0.0,0.0,0.06,0.0,0.11,0.51,0.03,0.57,0.07,0.0,0.13
1,0.0,0.02,0.18,0.0,0.0,0.11,0.0,0.16,0.62,0.0,0.52,0.07,0.0,0.12
1,0.0,0.02,0.15,0.0,0.0,0.09,0.0,0.16,0.67,0.0,0.49,0.09,0.0,0.08
1,0.0,0.02,0.2,0.0,0.0,0.06,0.0,0.15,0.63,0.0,0.53,0.11,0.0,0.07
1,0.0,0.0,0.24,0.0,0.0,0.06,0.0,0.13,0.53,0.0,0.62,0.15,0.0,0.08
1,0.11,0.01,0.45,0.0,0.0,0.12,0.0,0.09,0.42,0.05,0.51,0.08,0.19,0.19
1,0.11,0.01,0.55,0.0,0.0,0.11,0.0,0.09,0.27,0.05,0.37,0.04,0.27,0.32
1,0.11,0.01,0.65,0.0,0.0,0.07,0.0,0.06,0.16,0.06,0.16,0.0,0.43,0.39
1,0.0,0.0,0.44,0.0,0.0,0.0,0.0,0.09,0.08,0.02,0.14,0.0,0.33,0.43
1,0.0,0.0,0.34,0.0,0.0,0.0,0.0,0.14,0.08,0.04,0.14,0.0,0.28,0.41
1,0.0,0.0,0.31,0.0,0.0,0.0,0.0,0.16,0.03,0.06,0.16,0.0,0.16,0.45
1,0.0,0.0,0.4,0.0,0.0,0.0,0.0,0.18,0.01,0.04,0.19,0.0,0.15,0.57
1,0.0,0.0,0.4,0.0,0.0,0.02,0.0,0.11,0.05,0.02,0.11,0.0,0.18,0.51
1,0.0,0.0,0.38,0.0,0.0,0.02,0.0,0.07,0.17,0.0,0.1,0.0,0.18,0.46
1,0.0,0.0,0.36,0.0,0.01,0.02,0.0,0.0,0.28,0.12,0.12,0.0,0.18,0.25
1,0.0,0.0,0.47,0.0,0.04,0.01,0.0,0.02,0.24,0.23,0.2,0.0,0.26,0.22
1,0.0,0.0,0.58,0.0,0.05,0.01,0.0,0.02,0.16,0.35,0.3,0.0,0.31,0.19
1,0.0,0.0,0.5,0.0,0.04,0.02,0.0,0.02,0.06,0.24,0.21,0.0,0.45,0.13
1,0.0,0.0,0.46,0.0,0.01,0.01,0.0,0.0,0.07,0.13,0.12,0.02,0.53,0.06
1,0.0,0.0,0.28,0.0,0.0,0.01,0.0,0.01,0.09,0.0,0.0,0.02,0.56,0.03
1,0.0,0.0,0.24,0.0,0.0,0.0,0.0,0.01,0.18,0.0,0.0,0.02,0.56,0.07
1,0.0,0.0,0.16,0.0,0.01,0.02,0.0,0.01,0.2,0.0,0.0,0.0,0.53,0.09
1,0.0,0.0,0.21,0.0,0.01,0.02,0.0,0.01,0.24,0.0,0.0,0.0,0.59,0.07
1,0.0,0.0,0.26,0.0,0.01,0.03,0.0,0.01,0.22,0.0,0.0,0.0,0.56,0.09
1,0.0,0.0,0.37,0.0,0.0,0.07,0.0,0.0,0.31,0.0,0.0,0.0,0.52,0.14
1,0.02,0.0,0.32,0.0,0.0,0.07,0.0,0.02,0.27,0.0,0.11,0.0,0.44,0.22
1,0.02,0.0,0.35,0.0,0.0,0.05,0.0,0.02,0.26,0.0,0.2,0.0,0.38,0.19
1,0.02,0.0,0.21,0.0,0.04,0.0,0.0,0.02,0.12,0.0,0.24,0.05,0.39,0.13
1,0.0,0.0,0.16,0.0,0.06,0.0,0.0,0.03,0.08,0.0,0.19,0.15,0.41,0.03
1,0.0,0.0,0.11,0.0,0.06,0.0,0.0,0.03,0.02,0.1,0.1,0.15,0.41,0.16
1,0.01,0.0,0.14,0.0,0.03,0.09,0.0,0.03,0.02,0.14,0.06,0.1,0.3,0.25
1,0.04,0.0,0.24,0.0,0.0,0.11,0.0,0.0,0.0,0.14,0.0,0.0,0.18,0.33
1,0.04,0.0,0.2,0.0,0.0,0.11,0.0,0.0,0.0,0.04,0.0,0.0,0.06,0.27
1,0.05,0.0,0.16,0.0,0.0,0.03,0.0,0.0,0.0,0.08,0.0,0.0,0.02,0.33
1,0.02,0.0,0.05,0.0,0.0,0.01,0.0,0.0,0.0,0.18,0.0,0.0,0.06,0.41
1,0.07,0.0,0.06,0.0,0.0,0.01,0.0,0.0,0.03,0.2,0.0,0.0,0.09,0.49
1,0.1,0.0,0.04,0.0,0.0,0.01,0.0,0.0,0.03,0.12,0.0,0.0,0.11,0.52
1,0.14,0.0,0.04,0.0,0.0,0.03,0.0,0.0,0.03,0.09,0.0,0.0,0.16,0.55
1,0.13,0.01,0.07,0.0,0.0,0.05,0.0,0.0,0.06,0.11,0.0,0.0,0.14,0.53
1,0.08,0.01,0.08,0.0,0.0,0.06,0.0,0.0,0.07,0.15,0.0,0.0,0.11,0.54
1,0.04,0.01,0.08,0.0,0.0,0.05,0.0,0.0,0.08,0.15,0.0,0.0,0.06,0.54
1,0.14,0.21,0.07,0.0,0.0,0.05,0.0,0.0,0.02,0.16,0.07,0.0,0.16,0.71
1,0.3,0.37,0.08,0.0,0.0,0.08,0.0,0.0,0.0,0.12,0.14,0.0,0.35,0.84
1,0.48,0.66,0.11,0.0,0.0,0.09,0.0,0.0,0.0,0.1,0.31,0.0,0.59,0.96
1,0.47,0.6,0.07,0.0,0.0,0.1,0.0,0.0,0.0,0.05,0.32,0.0,0.77,0.92
1,0.45,0.64,0.07,0.0,0.0,0.11,0.0,0.0,0.0,0.05,0.31,0.0,0.87,0.91
1,0.37,0.51,0.04,0.0,0.0,0.16,0.0,0.0,0.0,0.0,0.22,0.0,0.85,0.9
1,0.33,0.46,0.08,0.0,0.0,0.18,0.0,0.0,0.0,0.0,0.21,0.0,0.8,0.89
1,0.27,0.42,0.06,0.0,0.0,0.16,0.0,0.0,0.0,0.0,0.2,0.0,0.78,0.82
1,0.46,0.38,0.3,0.0,0.0,0.12,0.0,0.0,0.0,0.0,0.21,0.0,0.75,0.79
1,0.54,0.42,0.47,0.0,0.0,0.07,0.0,0.0,0.09,0.0,0.25,0.0,0.71,0.76
1,0.52,0.39,0.7,0.0,0.0,0.16,0.0,0.0,0.09,0.07,0.24,0.0,0.72,0.77
1,0.36,0.31,0.53,0.0,0.0,0.17,0.0,0.0,0.09,0.22,0.17,0.0,0.63,0.86
1,0.19,0.22,0.32,0.0,0.0,0.17,0.0,0.06,0.11,0.21,0.26,0.0,0.45,0.7
1,0.13,0.09,0.16,0.0,0.0,0.04,0.0,0.06,0.11,0.22,0.47,0.0,0.21,0.83
1,0.0,0.05,0.17,0.0,0.0,0.0,0.0,0.08,0.13,0.23,0.67,0.0,0.17,0.91
1,0.0,0.01,0.19,0.0,0.0,0.0,0.0,0.03,0.04,0.33,0.63,0.04,0.26,1.19
1,0.0,0.01,0.21,0.0,0.0,0.0,0.0,0.06,0.05,0.38,0.54,0.1,0.4,1.23
1,0.0,0.0,0.18,0.0,0.0,0.0,0.0,0.08,0.03,0.31,0.51,0.15,0.49,1.16
1,0.0,0.0,0.2,0.0,0.0,0.0,0.0,0.11,0.03,0.25,0.55,0.15,0.53,1.18
1,0.0,0.0,0.19,0.0,0.0,0.0,0.0,0.07,0.04,0.18,0.58,0.09,0.49,1.09
1,0.0,0.0,0.19,0.0,0.0,0.0,0.0,0.04,0.06,0.1,0.59,0.06,0.45,1.1
1,0.0,0.0,0.17,0.0,0.0,0.0,0.0,0.0,0.1,0.11,0.57,0.01,0.43,1.11
1,0.0,0.0,0.12,0.0,0.0,0.0,0.0,0.0,0.07,0.09,0.56,0.07,0.48,1.17
1,0.0,0.0,0.13,0.0,0.0,0.0,0.0,0.0,0.11,0.17,0.59,0.05,0.44,1.17
1,0.0,0.0,0.11,0.03,0.0,0.0,0.0,0.0,0.06,0.11,0.4,0.05,0.5,1.19
1,0.0,0.0,0.17,0.03,0.0,0.0,0.0,0.0,0.06,0.09,0.21,0.05,0.48,1.16
1,0.0,0.0,0.18,0.03,0.0,0.0,0.0,0.0,0.0,0.0,0.0,0.14,0.56,1.0
1,0.0,0.0,0.23,0.0,0.0,0.0,0.0,0.0,0.0,0.0,0.0,0.23,0.46,0.78
1,0.0,0.0,0.21,0.0,0.0,0.0,0.0,0.0,0.03,0.0,0.01,0.25,0.36,0.68
1,0.0,0.0,0.21,0.0,0.0,0.0,0.0,0.0,0.03,0.03,0.02,0.21,0.25,0.61
1,0.0,0.0,0.22,0.0,0.0,0.0,0.0,0.0,0.03,0.05,0.02,0.12,0.17,0.57
1,0.0,0.0,0.21,0.0,0.0,0.0,0.0,0.0,0.01,0.05,0.02,0.05,0.15,0.49
1,0.0,0.0,0.22,0.0,0.0,0.0,0.0,0.0,0.08,0.04,0.02,0.05,0.08,0.49
1,0.0,0.0,0.23,0.0,0.0,0.0,0.0,0.0,0.08,0.03,0.06,0.09,0.06,0.48
1,0.0,0.0,0.18,0.0,0.0,0.0,0.0,0.0,0.07,0.04,0.08,0.1,0.01,0.47
1,0.0,0.0,0.14,0.0,0.0,0.0,0.0,0.0,0.0,0.02,0.13,0.15,0.0,0.44
1,0.0,0.0,0.38,0.0,0.0,0.0,0.0,0.0,0.05,0.02,0.09,0.11,0.31,0.64
1,0.0,0.0,0.6,0.0,0.0,0.0,0.0,0.0,0.05,0.03,0.07,0.16,0.69,0.66
1,0.03,0.12,0.82,0.0,0.0,0.0,0.0,0.0,0.05,0.03,0.01,0.16,1.0,0.63
1,0.03,0.12,0.89,0.0,0.0,0.0,0.0,0.0,0.02,0.03,0.06,0.16,0.95,0.43
1,0.03,0.12,0.94,0.0,0.0,0.0,0.0,0.0,0.04,0.0,0.12,0.09,0.78,0.37
1,0.0,0.0,0.85,0.04,0.0,0.0,0.0,0.02,0.05,0.0,0.12,0.0,0.7,0.62
1,0.0,0.0,0.58,0.04,0.0,0.0,0.0,0.03,0.04,0.02,0.07,0.0,0.7,0.77
1,0.0,0.0,0.44,0.21,0.0,0.0,0.0,0.03,0.06,0.02,0.0,0.0,0.73,1.0
1,0.02,0.0,0.54,0.27,0.0,0.0,0.0,0.01,0.16,0.02,0.0,0.0,0.71,1.01
1,0.04,0.0,0.68,0.37,0.0,0.0,0.0,0.0,0.26,0.01,0.0,0.0,0.68,1.1
1,0.06,0.0,0.86,0.19,0.0,0.0,0.0,0.0,0.35,0.02,0.01,0.0,0.57,1.17
1,0.04,0.0,0.86,0.1,0.0,0.0,0.0,0.0,0.3,0.02,0.01,0.0,0.53,1.15
1,0.02,0.0,0.61,0.0,0.0,0.0,0.0,0.0,0.19,0.07,0.02,0.04,0.42,0.95
1,0.0,0.0,0.31,0.09,0.0,0.0,0.0,0.0,0.08,0.1,0.12,0.04,0.41,0.77
1,0.0,0.0,0.1,0.15,0.0,0.0,0.0,0.0,0.02,0.1,0.15,0.04,0.31,0.51
1,0.0,0.0,0.13,0.23,0.0,0.0,0.0,0.0,0.02,0.05,0.2,0.0,0.29,0.55
1,0.0,0.0,0.13,0.21,0.0,0.0,0.0,0.0,0.0,0.0,0.16,0.0,0.29,0.49
1,0.0,0.0,0.13,0.25,0.0,0.0,0.0,0.0,0.0,0.0,0.13,0.0,0.28,0.52
1,0.0,0.0,0.12,0.21,0.0,0.0,0.0,0.0,0.0,0.0,0.11,0.0,0.26,0.48
1,0.0,0.1,0.13,0.19,0.0,0.0,0.0,0.0,0.0,0.06,0.06,0.0,0.29,0.59
1,0.0,0.15,0.14,0.12,0.0,0.0,0.0,0.0,0.0,0.13,0.06,0.0,0.37,0.71
1,0.0,0.15,0.15,0.11,0.0,0.0,0.0,0.0,0.0,0.21,0.05,0.0,0.37,0.81
1,0.0,0.05,0.16,0.06,0.0,0.0,0.0,0.0,0.0,0.2,0.03,0.0,0.34,0.85
1,0.0,0.0,0.11,0.05,0.0,0.0,0.0,0.0,0.0,0.27,0.05,0.01,0.33,0.79
1,0.0,0.0,0.16,0.02,0.0,0.0,0.0,0.0,0.0,0.19,0.03,0.01,0.36,0.8
1,0.02,0.0,0.3,0.02,0.0,0.0,0.0,0.0,0.0,0.14,0.11,0.01,0.39,0.85
1,0.02,0.0,0.38,0.0,0.0,0.0,0.0,0.0,0.0,0.0,0.17,0.0,0.32,1.01
1,0.04,0.0,0.45,0.0,0.0,0.0,0.0,0.0,0.0,0.0,0.28,0.0,0.2,1.06
1,0.04,0.0,0.37,0.0,0.0,0.0,0.0,0.0,0.0,0.0,0.32,0.0,0.06,1.11
1,0.04,0.0,0.44,0.0,0.0,0.01,0.0,0.0,0.0,0.0,0.29,0.0,0.04,1.16
1,0.03,0.02,0.4,0.0,0.0,0.06,0.0,0.0,0.0,0.0,0.25,0.0,0.15,1.19
1,0.01,0.02,0.39,0.0,0.0,0.11,0.0,0.0,0.0,0.0,0.2,0.0,0.24,1.13
1,0.01,0.02,0.39,0.0,0.0,0.15,0.0,0.0,0.0,0.0,0.25,0.0,0.3,1.09
1,0.0,0.01,0.4,0.0,0.0,0.11,0.0,0.0,0.0,0.0,0.19,0.0,0.25,1.07
1,0.0,0.01,0.41,0.0,0.0,0.11,0.0,0.0,0.0,0.0,0.16,0.0,0.23,1.19
1,0.0,0.01,0.4,0.0,0.0,0.08,0.0,0.0,0.0,0.0,0.06,0.0,0.13,1.3
1,0.0,0.08,0.63,0.0,0.0,0.2,0.0,0.03,0.0,0.0,0.15,0.0,0.09,1.24
1,0.02,0.08,0.8,0.0,0.0,0.27,0.0,0.03,0.0,0.0,0.22,0.0,0.05,1.12
1,0.02,0.08,0.98,0.0,0.0,0.24,0.0,0.08,0.02,0.0,0.25,0.0,0.09,0.88
1,0.12,0.16,1.03,0.0,0.0,0.2,0.0,0.09,0.12,0.0,0.23,0.0,0.06,0.82
1,0.1,0.18,1.02,0.0,0.0,0.11,0.0,0.09,0.12,0.0,0.24,0.0,0.06,0.85
1,0.1,0.26,1.07,0.0,0.0,0.2,0.0,0.07,0.1,0.0,0.25,0.0,0.02,0.89
1,0.12,0.28,1.13,0.0,0.0,0.22,0.0,0.07,0.05,0.0,0.16,0.0,0.15,0.92
1,0.17,0.25,1.18,0.0,0.0,0.34,0.0,0.07,0.08,0.01,0.15,0.0,0.13,0.91
1,0.22,0.27,1.24,0.0,0.0,0.34,0.0,0.06,0.19,0.01,0.22,0.0,0.13,0.91
1,0.12,0.2,1.22,0.0,0.0,0.29,0.0,0.06,0.2,0.01,0.36,0.0,0.01,0.97
1,0.13,0.37,1.35,0.0,0.0,0.25,0.0,0.1,0.23,0.0,0.45,0.0,0.01,0.78
1,0.13,0.47,1.34,0.0,0.0,0.22,0.0,0.14,0.16,0.0,0.49,0.0,0.04,0.71
1,0.35,0.48,1.11,0.0,0.0,0.17,0.0,0.13,0.18,0.0,0.33,0.0,0.23,0.98
1,0.28,0.32,0.81,0.0,0.0,0.07,0.0,0.11,0.12,0.0,0.15,0.0,0.42,1.29
1,0.23,0.12,0.57,0.0,0.0,0.01,0.0,0.08,0.08,0.0,0.0,0.0,0.56,1.47
1,0.0,0.0,0.58,0.0,0.0,0.01,0.0,0.07,0.0,0.0,0.0,0.06,0.56,1.26
1,0.0,0.0,0.58,0.0,0.0,0.01,0.0,0.06,0.0,0.0,0.0,0.12,0.59,1.2
1,0.0,0.0,0.56,0.0,0.0,0.0,0.0,0.04,0.0,0.0,0.0,0.12,0.66,1.2
1,0.0,0.0,0.57,0.0,0.0,0.0,0.0,0.01,0.0,0.0,0.0,0.07,0.7,1.22
1,0.0,0.0,0.59,0.0,0.0,0.0,0.0,0.02,0.0,0.0,0.0,0.02,0.71,1.26
1,0.0,0.0,0.6,0.0,0.0,0.0,0.0,0.03,0.0,0.0,0.0,0.02,0.72,1.25
1,0.0,0.0,0.62,0.0,0.0,0.0,0.0,0.04,0.0,0.0,0.0,0.0,0.71,1.24
1,0.0,0.0,0.64,0.0,0.0,0.0,0.0,0.05,0.0,0.0,0.0,0.0,0.68,1.22
1,0.14,0.05,0.69,0.0,0.0,0.0,0.0,0.12,0.0,0.0,0.0,0.1,0.69,1.06
1,0.65,0.42,0.8,0.0,0.0,0.0,0.0,0.1,0.0,0.0,0.26,0.2,0.66,0.83
1,1.03,0.68,1.0,0.0,0.0,0.0,0.0,0.13,0.09,0.0,0.58,0.2,0.57,0.55
1,1.32,1.01,1.23,0.0,0.0,0.0,0.0,0.11,0.17,0.0,0.77,0.1,0.51,0.54
1,1.13,0.96,1.39,0.0,0.0,0.0,0.0,0.13,0.18,0.01,0.74,0.0,0.45,0.6
1,1.17,0.99,1.49,0.0,0.0,0.0,0.0,0.08,0.1,0.01,0.63,0.0,0.47,0.58
1,1.16,0.84,1.46,0.0,0.0,0.0,0.0,0.03,0.05,0.01,0.65,0.0,0.42,0.47
1,1.23,0.89,1.41,0.0,0.0,0.0,0.0,0.03,0.13,0.0,0.61,0.0,0.35,0.48
1,1.14,0.91,1.3,0.0,0.0,0.0,0.0,0.07,0.19,0.0,0.62,0.0,0.36,0.56
1,1.06,1.15,1.26,0.0,0.0,0.0,0.0,0.11,0.26,0.0,0.69,0.0,0.36,0.71
1,0.96,1.1,1.14,0.0,0.0,0.0,0.0,0.14,0.26,0.0,0.74,0.0,0.4,0.73
1,0.92,1.02,1.13,0.0,0.0,0.0,0.0,0.11,0.24,0.0,0.73,0.0,0.38,0.79
1,0.96,0.89,1.05,0.0,0.0,0.0,0.0,0.11,0.21,0.0,0.62,0.0,0.39,0.8
1,0.86,0.58,0.86,0.0,0.0,0.0,0.0,0.06,0.16,0.13,0.48,0.0,0.55,0.84
1,0.58,0.36,0.47,0.0,0.0,0.0,0.0,0.03,0.11,0.13,0.41,0.0,0.53,0.85
1,0.2,0.02,0.17,0.0,0.0,0.0,0.0,0.0,0.03,0.13,0.41,0.0,0.48,0.85
1,0.02,0.02,0.03,0.0,0.0,0.0,0.0,0.0,0.0,0.0,0.49,0.0,0.31,0.77
1,0.0,0.0,0.03,0.0,0.0,0.0,0.0,0.01,0.01,0.0,0.57,0.0,0.37,0.7
1,0.0,0.0,0.09,0.0,0.0,0.0,0.0,0.01,0.05,0.0,0.58,0.0,0.46,0.68
1,0.0,0.0,0.09,0.0,0.0,0.0,0.0,0.01,0.05,0.0,0.56,0.0,0.45,0.7
1,0.0,0.0,0.14,0.0,0.0,0.0,0.0,0.0,0.04,0.0,0.48,0.0,0.39,0.72
1,0.0,0.0,0.06,0.0,0.0,0.0,0.0,0.01,0.01,0.06,0.42,0.0,0.39,0.68
1,0.0,0.0,0.06,0.0,0.0,0.0,0.0,0.01,0.01,0.17,0.42,0.0,0.4,0.66
1,0.0,0.0,0.06,0.0,0.0,0.0,0.0,0.02,0.06,0.17,0.42,0.0,0.44,0.67
1,0.03,0.0,0.08,0.0,0.0,0.0,0.0,0.01,0.06,0.13,0.38,0.0,0.33,0.62
1,0.13,0.0,0.22,0.0,0.0,0.0,0.0,0.01,0.06,0.02,0.36,0.0,0.35,0.77
1,0.14,0.0,0.31,0.0,0.0,0.0,0.0,0.0,0.0,0.02,0.26,0.0,0.33,0.85
1,0.17,0.0,0.45,0.0,0.0,0.0,0.0,0.0,0.0,0.0,0.3,0.0,0.37,0.98
1,0.08,0.0,0.46,0.0,0.0,0.0,0.0,0.0,0.0,0.0,0.32,0.0,0.37,1.0
1,0.08,0.0,0.42,0.0,0.0,0.0,0.0,0.0,0.0,0.0,0.36,0.0,0.32,1.04
1,0.02,0.0,0.39,0.0,0.0,0.0,0.0,0.0,0.0,0.0,0.33,0.0,0.29,1.07
1,0.05,0.0,0.38,0.0,0.0,0.0,0.0,0.0,0.0,0.0,0.29,0.0,0.25,1.04
1,0.05,0.0,0.42,0.0,0.0,0.0,0.0,0.0,0.0,0.0,0.31,0.0,0.25,0.98
1,0.05,0.0,0.35,0.0,0.0,0.0,0.0,0.0,0.0,0.0,0.32,0.0,0.23,0.96
1,0.0,0.0,0.32,0.0,0.0,0.0,0.0,0.0,0.0,0.0,0.27,0.0,0.21,0.88
1,0.0,0.0,0.26,0.0,0.0,0.0,0.0,0.0,0.0,0.0,0.24,0.0,0.24,0.93
1,0.0,0.0,0.3,0.0,0.0,0.0,0.0,0.0,0.0,0.0,0.24,0.0,0.26,0.97
1,0.35,0.23,0.45,0.0,0.0,0.09,0.0,0.0,0.01,0.03,0.18,0.0,0.36,0.98
1,0.7,0.38,0.73,0.0,0.0,0.2,0.0,0.0,0.01,0.05,0.1,0.0,0.48,0.81
1,1.06,0.58,0.94,0.0,0.0,0.35,0.0,0.0,0.01,0.05,0.0,0.0,0.55,0.66
1,1.15,0.71,1.05,0.0,0.0,0.39,0.0,0.0,0.0,0.02,0.0,0.0,0.55,0.54
1,1.2,0.85,1.06,0.0,0.0,0.45,0.0,0.0,0.0,0.0,0.0,0.0,0.52,0.53
1,1.26,1.0,1.11,0.0,0.0,0.45,0.0,0.0,0.0,0.0,0.0,0.0,0.57,0.54
1,1.25,0.96,1.1,0.0,0.0,0.46,0.0,0.0,0.0,0.01,0.0,0.01,0.61,0.57
1,1.28,1.06,1.08,0.0,0.0,0.41,0.0,0.0,0.0,0.01,0.0,0.01,0.66,0.61
1,1.3,1.08,1.1,0.0,0.0,0.4,0.0,0.0,0.0,0.01,0.0,0.02,0.62,0.68
1,1.35,1.1,1.1,0.0,0.0,0.39,0.0,0.0,0.0,0.0,0.0,0.0,0.63,0.73
1,1.36,0.97,1.09,0.0,0.0,0.37,0.0,0.0,0.0,0.0,0.0,0.0,0.6,0.81
1,1.31,0.91,1.04,0.0,0.0,0.3,0.0,0.0,0.0,0.0,0.0,0.0,0.61,0.7
1,1.02,0.59,0.74,0.02,0.0,0.23,0.0,0.01,0.06,0.11,0.21,0.0,0.45,0.48
1,0.79,0.31,0.56,0.02,0.0,0.19,0.0,0.02,0.09,0.25,0.39,0.08,0.26,0.3
1,0.56,0.0,0.39,0.02,0.0,0.26,0.0,0.02,0.12,0.48,0.54,0.08,0.06,0.29
1,0.59,0.0,0.49,0.0,0.0,0.34,0.0,0.03,0.15,0.61,0.51,0.1,0.02,0.43
1,0.58,0.0,0.59,0.0,0.0,0.36,0.0,0.03,0.12,0.6,0.55,0.08,0.07,0.52
1,0.51,0.0,0.63,0.0,0.0,0.34,0.0,0.02,0.08,0.51,0.6,0.09,0.1,0.58
1,0.34,0.0,0.58,0.0,0.0,0.32,0.0,0.0,0.0,0.45,0.66,0.07,0.1,0.61
1,0.21,0.0,0.56,0.0,0.0,0.39,0.0,0.0,0.0,0.49,0.74,0.02,0.03,0.6
1,0.15,0.0,0.59,0.0,0.0,0.34,0.0,0.0,0.0,0.53,0.76,0.02,0.0,0.51
1,0.1,0.0,0.58,0.0,0.0,0.28,0.0,0.0,0.0,0.52,0.73,0.02,0.0,0.42
1,0.04,0.0,0.36,0.0,0.0,0.19,0.0,0.0,0.01,0.48,0.55,0.17,0.0,0.44
1,0.0,0.0,0.13,0.0,0.0,0.14,0.0,0.0,0.02,0.32,0.43,0.32,0.0,0.47
1,0.08,0.0,0.08,0.0,0.0,0.09,0.0,0.0,0.02,0.16,0.31,0.32,0.0,0.42
1,0.08,0.0,0.18,0.03,0.0,0.04,0.0,0.0,0.0,0.11,0.3,0.16,0.07,0.34
1,0.08,0.0,0.36,0.03,0.0,0.0,0.0,0.0,0.0,0.19,0.34,0.0,0.12,0.35
1,0.05,0.08,0.42,0.03,0.0,0.0,0.0,0.0,0.0,0.31,0.38,0.0,0.13,0.45
1,0.12,0.15,0.42,0.0,0.0,0.0,0.0,0.0,0.02,0.33,0.43,0.0,0.06,0.41
1,0.2,0.29,0.34,0.0,0.0,0.0,0.0,0.0,0.02,0.34,0.45,0.0,0.01,0.33
1,0.33,0.48,0.32,0.0,0.0,0.0,0.0,0.0,0.02,0.29,0.48,0.0,0.05,0.16
1,0.31,0.6,0.39,0.03,0.0,0.0,0.0,0.0,0.0,0.31,0.55,0.0,0.05,0.09
1,0.46,0.75,0.49,0.03,0.0,0.0,0.0,0.0,0.0,0.19,0.47,0.0,0.19,0.02
1,0.46,0.74,0.6,0.03,0.0,0.0,0.0,0.0,0.0,0.11,0.4,0.0,0.3,0.02
1,0.44,0.72,0.59,0.0,0.0,0.0,0.0,0.0,0.0,0.0,0.19,0.0,0.43,0.02
1,0.27,0.46,0.46,0.0,0.0,0.0,0.0,0.0,0.02,0.0,0.11,0.0,0.4,0.0
1,0.32,0.23,0.54,0.0,0.0,0.15,0.0,0.0,0.02,0.0,0.02,0.07,0.33,0.06
1,0.51,0.07,0.73,0.0,0.0,0.24,0.0,0.0,0.02,0.02,0.03,0.15,0.23,0.16
1,0.62,0.03,1.01,0.0,0.0,0.29,0.0,0.0,0.0,0.1,0.05,0.17,0.21,0.22
1,0.61,0.0,1.03,0.0,0.0,0.2,0.0,0.0,0.0,0.21,0.05,0.29,0.24,0.23
1,0.49,0.03,0.94,0.0,0.0,0.2,0.0,0.0,0.0,0.33,0.04,0.35,0.33,0.19
1,0.42,0.03,0.95,0.0,0.0,0.24,0.0,0.0,0.0,0.38,0.08,0.45,0.32,0.19
1,0.26,0.03,0.93,0.0,0.0,0.26,0.0,0.0,0.0,0.36,0.14,0.4,0.24,0.21
1,0.18,0.0,1.01,0.0,0.0,0.29,0.0,0.0,0.0,0.43,0.17,0.43,0.18,0.31
1,0.18,0.0,1.02,0.0,0.0,0.3,0.0,0.0,0.0,0.42,0.19,0.41,0.18,0.36
1,0.24,0.0,1.02,0.0,0.0,0.35,0.0,0.0,0.0,0.4,0.14,0.43,0.24,0.39
1,0.28,0.0,0.96,0.0,0.0,0.35,0.0,0.0,0.0,0.24,0.08,0.35,0.29,0.41
1,0.32,0.03,0.91,0.0,0.0,0.38,0.0,0.0,0.0,0.21,0.04,0.31,0.31,0.5
1,0.36,0.03,0.68,0.0,0.0,0.26,0.0,0.0,0.0,0.15,0.05,0.16,0.2,0.52
1,0.27,0.03,0.48,0.0,0.0,0.14,0.0,0.0,0.0,0.11,0.05,0.06,0.08,0.38
1,0.23,0.0,0.24,0.0,0.0,0.06,0.0,0.0,0.0,0.01,0.02,0.0,0.03,0.36
1,0.12,0.0,0.18,0.0,0.0,0.05,0.0,0.0,0.0,0.0,0.07,0.0,0.03,0.24
1,0.18,0.0,0.13,0.0,0.0,0.08,0.0,0.0,0.0,0.0,0.14,0.0,0.03,0.3
1,0.12,0.0,0.14,0.0,0.0,0.05,0.0,0.0,0.0,0.0,0.21,0.0,0.0,0.26
1,0.16,0.0,0.18,0.0,0.0,0.13,0.0,0.0,0.0,0.0,0.26,0.0,0.03,0.36
1,0.13,0.0,0.25,0.0,0.0,0.16,0.0,0.0,0.0,0.0,0.2,0.0,0.03,0.31
1,0.11,0.0,0.26,0.0,0.0,0.14,0.0,0.0,0.0,0.01,0.19,0.0,0.03,0.31
1,0.08,0.0,0.33,0.0,0.0,0.12,0.0,0.0,0.0,0.03,0.17,0.0,0.0,0.3
1,0.09,0.0,0.34,0.0,0.0,0.09,0.0,0.0,0.0,0.05,0.22,0.0,0.0,0.34
1,0.13,0.0,0.36,0.0,0.0,0.14,0.0,0.0,0.0,0.08,0.18,0.0,0.0,0.3
1,0.18,0.04,0.33,0.0,0.0,0.08,0.0,0.0,0.0,0.09,0.1,0.2,0.02,0.17
1,0.14,0.11,0.21,0.0,0.0,0.05,0.0,0.0,0.0,0.07,0.04,0.31,0.08,0.11
1,0.16,0.23,0.16,0.0,0.0,0.0,0.0,0.0,0.0,0.04,0.0,0.38,0.17,0.08
1,0.13,0.35,0.1,0.0,0.0,0.0,0.0,0.0,0.0,0.0,0.0,0.24,0.22,0.14
1,0.2,0.29,0.13,0.0,0.0,0.0,0.0,0.0,0.0,0.0,0.0,0.16,0.22,0.16
1,0.19,0.17,0.16,0.0,0.0,0.0,0.0,0.0,0.0,0.0,0.0,0.09,0.19,0.17
1,0.13,0.02,0.16,0.0,0.0,0.0,0.0,0.0,0.0,0.0,0.0,0.09,0.19,0.15
1,0.12,0.0,0.15,0.0,0.0,0.0,0.0,0.01,0.0,0.0,0.0,0.16,0.26,0.11
1,0.1,0.0,0.14,0.0,0.0,0.01,0.0,0.03,0.0,0.0,0.0,0.16,0.21,0.17
1,0.09,0.0,0.19,0.0,0.0,0.01,0.0,0.03,0.0,0.0,0.04,0.1,0.14,0.16
1,0.04,0.0,0.25,0.0,0.0,0.01,0.0,0.04,0.0,0.0,0.04,0.03,0.0,0.14
1,0.03,0.0,0.28,0.0,0.0,0.06,0.0,0.03,0.0,0.0,0.04,0.1,0.0,0.08
1,0.03,0.0,0.19,0.0,0.0,0.19,0.0,0.03,0.0,0.01,0.05,0.1,0.0,0.2
1,0.03,0.0,0.1,0.0,0.0,0.23,0.0,0.01,0.0,0.01,0.05,0.07,0.12,0.24
1,0.0,0.0,0.0,0.0,0.0,0.26,0.0,0.0,0.0,0.01,0.05,0.0,0.19,0.21
1,0.0,0.0,0.0,0.0,0.0,0.18,0.0,0.0,0.0,0.04,0.0,0.0,0.33,0.21
1,0.0,0.0,0.0,0.0,0.0,0.19,0.0,0.0,0.0,0.04,0.0,0.0,0.28,0.26
1,0.0,0.0,0.0,0.0,0.0,0.17,0.0,0.0,0.01,0.04,0.0,0.0,0.28,0.33
1,0.0,0.0,0.0,0.0,0.0,0.18,0.0,0.0,0.01,0.0,0.0,0.0,0.24,0.26
1,0.0,0.0,0.0,0.0,0.0,0.17,0.0,0.0,0.01,0.0,0.0,0.0,0.21,0.24
1,0.0,0.0,0.0,0.0,0.0,0.18,0.0,0.0,0.0,0.0,0.0,0.0,0.2,0.23
1,0.0,0.0,0.0,0.0,0.0,0.16,0.0,0.0,0.01,0.0,0.0,0.0,0.12,0.19
1,0.0,0.0,0.0,0.0,0.0,0.22,0.0,0.0,0.07,0.0,0.0,0.0,0.1,0.19
1,0.05,0.02,0.0,0.0,0.0,0.16,0.0,0.0,0.07,0.0,0.0,0.0,0.17,0.16
1,0.31,0.12,0.26,0.0,0.0,0.25,0.0,0.03,0.06,0.05,0.01,0.08,0.3,0.12
1,0.51,0.12,0.46,0.0,0.0,0.16,0.0,0.15,0.06,0.17,0.09,0.1,0.32,0.05
1,0.72,0.28,0.6,0.0,0.0,0.15,0.0,0.24,0.06,0.32,0.13,0.18,0.26,0.0
1,0.59,0.18,0.49,0.0,0.0,0.02,0.0,0.33,0.13,0.42,0.16,0.16,0.13,0.0
1,0.64,0.18,0.5,0.0,0.0,0.01,0.0,0.32,0.07,0.37,0.13,0.14,0.11,0.0
1,0.59,0.04,0.49,0.0,0.0,0.0,0.0,0.37,0.07,0.32,0.09,0.06,0.04,0.0
1,0.56,0.17,0.52,0.0,0.0,0.0,0.0,0.34,0.0,0.31,0.04,0.02,0.11,0.0
1,0.41,0.17,0.53,0.0,0.0,0.0,0.0,0.28,0.0,0.26,0.0,0.08,0.11,0.0
1,0.28,0.13,0.61,0.0,0.0,0.0,0.0,0.21,0.01,0.25,0.0,0.11,0.16,0.0
1,0.22,0.0,0.63,0.0,0.0,0.0,0.0,0.17,0.01,0.17,0.04,0.1,0.08,0.0
1,0.19,0.0,0.6,0.0,0.0,0.0,0.0,0.17,0.01,0.2,0.08,0.11,0.07,0.0
1,0.19,0.01,0.66,0.0,0.0,0.0,0.0,0.18,0.03,0.11,0.08,0.11,0.02,0.0
1,0.53,0.35,0.66,0.0,0.0,0.14,0.0,0.12,0.04,0.11,0.04,0.1,0.09,0.0
1,0.78,0.63,0.6,0.0,0.0,0.14,0.0,0.07,0.04,0.08,0.0,0.03,0.22,0.0
1,0.88,0.82,0.49,0.0,0.0,0.26,0.0,0.0,0.01,0.18,0.0,0.0,0.33,0.0
1,0.64,0.65,0.42,0.0,0.0,0.23,0.0,0.0,0.0,0.22,0.0,0.0,0.38,0.07
1,0.45,0.56,0.43,0.0,0.0,0.35,0.0,0.0,0.0,0.26,0.0,0.0,0.32,0.07
1,0.37,0.5,0.29,0.0,0.0,0.32,0.0,0.0,0.0,0.17,0.0,0.0,0.37,0.13
1,0.32,0.44,0.18,0.0,0.0,0.29,0.0,0.0,0.0,0.11,0.0,0.0,0.35,0.14
1,0.29,0.25,0.23,0.0,0.0,0.28,0.0,0.0,0.0,0.14,0.0,0.0,0.38,0.18
1,0.24,0.18,0.39,0.0,0.0,0.27,0.0,0.0,0.0,0.2,0.0,0.0,0.27,0.17
1,0.25,0.13,0.57,0.0,0.0,0.28,0.0,0.0,0.0,0.25,0.0,0.0,0.18,0.11
1,0.29,0.25,0.57,0.0,0.0,0.19,0.0,0.0,0.0,0.2,0.08,0.0,0.13,0.06
1,0.26,0.23,0.58,0.0,0.0,0.19,0.0,0.0,0.0,0.23,0.1,0.02,0.1,0.01
1,0.23,0.18,0.57,0.0,0.0,0.13,0.0,0.0,0.0,0.14,0.13,0.07,0.11,0.1
1,0.1,0.05,0.52,0.0,0.0,0.11,0.0,0.0,0.0,0.13,0.07,0.19,0.07,0.31
1,0.1,0.0,0.47,0.0,0.0,0.07,0.0,0.0,0.0,0.07,0.05,0.32,0.09,0.47
1,0.09,0.0,0.48,0.0,0.0,0.05,0.0,0.0,0.0,0.12,0.11,0.34,0.09,0.62
1,0.15,0.0,0.53,0.0,0.0,0.04,0.0,0.0,0.0,0.1,0.09,0.27,0.09,0.66
1,0.14,0.0,0.6,0.0,0.0,0.01,0.0,0.0,0.0,0.07,0.13,0.14,0.06,0.81
1,0.07,0.0,0.53,0.0,0.0,0.03,0.0,0.0,0.0,0.02,0.06,0.09,0.07,0.81
1,0.03,0.0,0.51,0.0,0.0,0.04,0.0,0.0,0.0,0.02,0.07,0.07,0.08,0.81
1,0.16,0.0,0.55,0.0,0.0,0.04,0.0,0.0,0.0,0.02,0.03,0.16,0.07,0.75
1,0.27,0.0,0.59,0.0,0.0,0.01,0.0,0.0,0.0,0.02,0.09,0.17,0.04,0.71
1,0.38,0.0,0.58,0.0,0.0,0.0,0.0,0.0,0.0,0.05,0.23,0.19,0.03,0.72
1,0.33,0.0,0.51,0.0,0.0,0.01,0.0,0.0,0.0,0.1,0.37,0.09,0.0,0.69
1,0.43,0.15,0.37,0.0,0.0,0.01,0.0,0.0,0.0,0.1,0.29,0.06,0.04,0.53
1,0.38,0.28,0.2,0.0,0.0,0.03,0.0,0.0,0.0,0.13,0.14,0.0,0.14,0.38
1,0.42,0.41,0.03,0.0,0.0,0.05,0.0,0.0,0.0,0.07,0.0,0.0,0.24,0.26
1,0.28,0.37,0.0,0.0,0.0,0.06,0.0,0.0,0.0,0.07,0.0,0.0,0.22,0.29
1,0.19,0.42,0.0,0.0,0.0,0.04,0.0,0.0,0.0,0.0,0.0,0.0,0.23,0.28
1,0.07,0.34,0.0,0.0,0.0,0.01,0.0,0.0,0.0,0.0,0.0,0.0,0.23,0.28
1,0.0,0.28,0.0,0.0,0.0,0.0,0.0,0.0,0.0,0.0,0.0,0.0,0.26,0.27
1,0.0,0.25,0.0,0.0,0.0,0.01,0.0,0.0,0.0,0.0,0.0,0.0,0.26,0.31
1,0.03,0.28,0.0,0.0,0.0,0.01,0.0,0.0,0.0,0.0,0.0,0.0,0.19,0.32
1,0.03,0.32,0.0,0.0,0.0,0.01,0.0,0.0,0.0,0.0,0.0,0.0,0.16,0.38
1,0.03,0.3,0.0,0.0,0.0,0.0,0.0,0.0,0.0,0.0,0.0,0.0,0.07,0.33
1,0.11,0.44,0.0,0.0,0.0,0.0,0.0,0.0,0.0,0.0,0.0,0.0,0.11,0.33
1,0.31,0.45,0.1,0.0,0.0,0.0,0.0,0.0,0.0,0.03,0.03,0.0,0.14,0.21
1,0.4,0.32,0.22,0.0,0.0,0.0,0.0,0.0,0.0,0.03,0.07,0.03,0.25,0.14
1,0.34,0.11,0.25,0.0,0.0,0.0,0.0,0.0,0.0,0.03,0.12,0.03,0.33,0.04
1,0.14,0.0,0.16,0.0,0.0,0.01,0.0,0.0,0.0,0.07,0.12,0.03,0.38,0.08
1,0.05,0.02,0.07,0.0,0.0,0.03,0.0,0.0,0.0,0.07,0.12,0.02,0.34,0.07
1,0.01,0.02,0.11,0.0,0.0,0.03,0.0,0.0,0.0,0.07,0.1,0.03,0.29,0.13
1,0.01,0.02,0.12,0.0,0.0,0.07,0.0,0.0,0.0,0.0,0.09,0.04,0.27,0.08
1,0.01,0.0,0.15,0.0,0.0,0.07,0.0,0.0,0.0,0.0,0.06,0.02,0.27,0.06
1,0.0,0.0,0.09,0.0,0.0,0.09,0.0,0.0,0.0,0.01,0.03,0.01,0.28,0.0
1,0.0,0.0,0.07,0.0,0.0,0.1,0.0,0.0,0.0,0.02,0.01,0.0,0.27,0.0
1,0.0,0.05,0.02,0.0,0.0,0.13,0.0,0.0,0.0,0.09,0.07,0.0,0.28,0.0
1,0.03,0.11,0.0,0.0,0.0,0.13,0.0,0.0,0.0,0.11,0.1,0.0,0.25,0.0
1,0.03,0.11,0.04,0.0,0.0,0.13,0.0,0.0,0.0,0.13,0.09,0.12,0.18,0.2
1,0.02,0.07,0.08,0.0,0.0,0.08,0.0,0.0,0.0,0.08,0.03,0.19,0.08,0.28
1,0.0,0.0,0.09,0.0,0.0,0.05,0.0,0.0,0.0,0.19,0.02,0.19,0.0,0.42
1,0.0,0.0,0.05,0.0,0.0,0.0,0.0,0.0,0.0,0.26,0.02,0.08,0.0,0.3
1,0.0,0.0,0.05,0.0,0.0,0.0,0.0,0.0,0.0,0.3,0.02,0.01,0.0,0.26
1,0.0,0.0,0.04,0.0,0.0,0.0,0.0,0.0,0.0,0.3,0.01,0.01,0.0,0.15
1,0.0,0.0,0.04,0.0,0.0,0.0,0.0,0.0,0.0,0.33,0.01,0.0,0.0,0.1
1,0.0,0.0,0.02,0.0,0.0,0.0,0.0,0.0,0.0,0.42,0.01,0.0,0.0,0.1
1,0.0,0.0,0.02,0.0,0.0,0.0,0.0,0.0,0.0,0.42,0.0,0.06,0.0,0.11
1,0.0,0.0,0.02,0.0,0.0,0.0,0.0,0.0,0.0,0.41,0.0,0.08,0.0,0.14
1,0.0,0.0,0.02,0.0,0.0,0.0,0.0,0.0,0.0,0.31,0.0,0.09,0.0,0.2
1,0.0,0.0,0.03,0.0,0.0,0.0,0.0,0.0,0.0,0.31,0.0,0.08,0.0,0.17
1,0.0,0.0,0.03,0.0,0.0,0.0,0.0,0.0,0.0,0.24,0.03,0.12,0.05,0.32
1,0.0,0.0,0.02,0.02,0.0,0.0,0.0,0.0,0.0,0.3,0.07,0.11,0.1,0.46
1,0.0,0.0,0.0,0.08,0.0,0.02,0.0,0.0,0.0,0.23,0.07,0.07,0.1,0.69
1,0.0,0.0,0.0,0.09,0.0,0.08,0.0,0.0,0.0,0.23,0.03,0.0,0.07,0.65
1,0.0,0.0,0.0,0.07,0.0,0.11,0.0,0.0,0.0,0.22,0.0,0.0,0.13,0.64
1,0.0,0.0,0.0,0.01,0.0,0.14,0.0,0.0,0.0,0.25,0.01,0.0,0.31,0.57
1,0.0,0.0,0.0,0.01,0.0,0.09,0.0,0.0,0.0,0.18,0.01,0.0,0.44,0.56
1,0.0,0.0,0.0,0.04,0.0,0.09,0.0,0.0,0.0,0.1,0.01,0.0,0.45,0.44
1,0.0,0.0,0.0,0.05,0.0,0.06,0.0,0.0,0.0,0.0,0.04,0.0,0.32,0.4
1,0.0,0.0,0.0,0.05,0.0,0.06,0.0,0.0,0.0,0.0,0.11,0.0,0.22,0.26
1,0.0,0.0,0.0,0.08,0.0,0.02,0.0,0.0,0.0,0.0,0.17,0.0,0.09,0.22
1,0.0,0.0,0.0,0.06,0.0,0.02,0.0,0.0,0.0,0.0,0.17,0.0,0.05,0.18
1,0.12,0.0,0.0,0.12,0.0,0.05,0.0,0.0,0.0,0.05,0.11,0.03,0.14,0.15
1,0.21,0.0,0.0,0.12,0.0,0.05,0.0,0.0,0.0,0.09,0.24,0.09,0.14,0.07
1,0.24,0.0,0.0,0.14,0.0,0.03,0.0,0.0,0.0,0.09,0.38,0.13,0.14,0.0
1,0.21,0.0,0.0,0.07,0.0,0.0,0.0,0.0,0.0,0.13,0.51,0.18,0.0,0.0
1,0.23,0.0,0.0,0.04,0.0,0.0,0.0,0.0,0.0,0.09,0.47,0.17,0.0,0.0
1,0.29,0.0,0.0,0.1,0.0,0.0,0.0,0.0,0.0,0.12,0.41,0.13,0.02,0.0
1,0.32,0.0,0.0,0.15,0.0,0.0,0.0,0.0,0.0,0.03,0.35,0.05,0.07,0.0
1,0.3,0.0,0.0,0.16,0.0,0.0,0.0,0.0,0.0,0.03,0.27,0.04,0.12,0.0
1,0.23,0.0,0.0,0.13,0.0,0.0,0.0,0.0,0.0,0.0,0.18,0.04,0.17,0.06
1,0.15,0.0,0.0,0.09,0.0,0.03,0.0,0.0,0.0,0.0,0.19,0.04,0.22,0.11
1,0.13,0.0,0.0,0.05,0.0,0.09,0.0,0.0,0.0,0.0,0.23,0.0,0.23,0.12
1,0.15,0.0,0.0,0.01,0.0,0.19,0.0,0.0,0.0,0.0,0.31,0.03,0.24,0.09
1,0.12,0.0,0.0,0.26,0.0,0.16,0.0,0.0,0.0,0.01,0.22,0.03,0.29,0.17
1,0.05,0.0,0.0,0.45,0.0,0.1,0.0,0.0,0.0,0.07,0.11,0.03,0.29,0.15
1,0.0,0.0,0.0,0.57,0.0,0.0,0.0,0.0,0.0,0.11,0.0,0.0,0.24,0.12
1,0.0,0.0,0.0,0.44,0.0,0.0,0.0,0.0,0.0,0.1,0.0,0.0,0.15,0.0
1,0.0,0.0,0.0,0.35,0.0,0.0,0.0,0.0,0.0,0.1,0.03,0.0,0.17,0.0
1,0.0,0.0,0.05,0.37,0.0,0.0,0.0,0.0,0.0,0.11,0.03,0.0,0.14,0.0
1,0.0,0.0,0.15,0.46,0.0,0.0,0.0,0.0,0.0,0.17,0.0,0.0,0.0,0.0
