 success, AU01_r, AU02_r, AU04_r, AU05_r, AU06_r, AU09_r, AU10_r, AU12_r, AU14_r, AU15_r, AU17_r, AU20_r, AU25_r, AU26_r
1,0.0,0.0,0.65,0.0,0.0,0.0,0.0,0.1,0.34,0.42,0.0,0.0,0.0,0.0
1,0.02,0.16,0.6,0.0,0.12,0.03,0.06,0.32,0.57,0.26,0.07,0.0,0.0,0.0
1,0.02,0.16,0.55,0.0,0.25,0.03,0.11,0.45,0.72,0.16,0.13,0.0,0.0,0.0
1,0.0,0.18,0.53,0.0,0.31,0.0,0.14,0.46,0.76,0.09,0.13,0.0,0.0,0.0
1,0.0,0.22,0.68,0.0,0.29,0.0,0.12,0.38,0.87,0.11,0.12,0.0,0.0,0.0
1,0.0,0.22,0.65,0.0,0.25,0.0,0.1,0.33,0.94,0.1,0.14,0.0,0.0,0.0
1,0.0,0.06,0.6,0.0,0.22,0.0,0.06,0.28,0.86,0.08,0.08,0.0,0.0,0.0
1,0.0,0.03,0.56,0.0,0.2,0.0,0.03,0.21,0.77,0.14,0.08,0.0,0.0,0.0
1,0.0,0.07,0.63,0.0,0.17,0.0,0.0,0.11,0.57,0.19,0.0,0.0,0.0,0.0
1,0.0,0.1,0.6,0.0,0.18,0.0,0.0,0.04,0.54,0.3,0.0,0.0,0.0,0.0
1,0.0,0.1,0.58,0.0,0.21,0.0,0.0,0.01,0.55,0.34,0.0,0.0,0.0,0.0
1,0.0,0.05,0.37,0.0,0.15,0.0,0.0,0.01,0.41,0.25,0.0,0.0,0.0,0.0
1,0.0,0.0,0.21,0.0,0.09,0.0,0.0,0.01,0.25,0.12,0.0,0.0,0.0,0.0
1,0.0,0.0,0.0,0.0,0.05,0.0,0.0,0.03,0.12,0.04,0.04,0.0,0.0,0.0
1,0.0,0.0,0.0,0.0,0.06,0.0,0.0,0.03,0.13,0.04,0.04,0.0,0.0,0.0
1,0.0,0.0,0.0,0.03,0.07,0.0,0.0,0.03,0.19,0.04,0.1,0.0,0.0,0.0
1,0.0,0.0,0.0,0.05,0.05,0.0,0.0,0.01,0.14,0.02,0.07,0.0,0.0,0.0
1,0.0,0.0,0.0,0.07,0.04,0.0,0.0,0.01,0.28,0.03,0.09,0.0,0.0,0.0
1,0.0,0.0,0.0,0.05,0.03,0.0,0.0,0.01,0.31,0.03,0.11,0.0,0.0,0.0
1,0.0,0.0,0.0,0.03,0.03,0.0,0.0,0.03,0.4,0.01,0.13,0.0,0.0,0.0
1,0.0,0.0,0.03,0.04,0.08,0.0,0.0,0.03,0.45,0.0,0.19,0.0,0.0,0.0
1,0.0,0.0,0.07,0.03,0.12,0.0,0.0,0.04,0.5,0.0,0.17,0.0,0.0,0.0
1,0.0,0.0,0.11,0.07,0.16,0.0,0.0,0.01,0.54,0.0,0.24,0.0,0.0,0.0
1,0.0,0.0,0.09,0.04,0.16,0.05,0.0,0.01,0.42,0.0,0.16,0.0,0.17,0.11
1,0.0,0.0,0.1,0.04,0.23,0.07,0.0,0.0,0.34,0.0,0.14,0.0,0.34,0.21
1,0.0,0.0,0.1,0.0,0.3,0.07,0.0,0.0,0.21,0.0,0.14,0.0,0.51,0.28
1,0.0,0.0,0.12,0.0,0.34,0.02,0.0,0.0,0.21,0.0,0.21,0.0,0.48,0.23
1,0.0,0.0,0.11,0.0,0.34,0.0,0.0,0.0,0.2,0.0,0.23,0.0,0.42,0.22
1,0.0,0.0,0.06,0.0,0.35,0.0,0.0,0.0,0.23,0.0,0.21,0.0,0.41,0.28
1,0.0,0.0,0.03,0.0,0.35,0.0,0.0,0.0,0.21,0.0,0.24,0.0,0.39,0.37
1,0.0,0.0,0.04,0.0,0.34,0.0,0.0,0.0,0.12,0.0,0.28,0.0,0.43,0.4
1,0.0,0.0,0.04,0.0,0.3,0.0,0.0,0.0,0.08,0.0,0.31,0.0,0.41,0.4
1,0.0,0.0,0.06,0.0,0.25,0.0,0.0,0.0,0.08,0.0,0.25,0.0,0.4,0.37
1,0.0,0.0,0.15,0.0,0.18,0.0,0.0,0.0,0.08,0.06,0.21,0.0,0.46,0.36
1,0.0,0.0,0.34,0.0,0.18,0.0,0.0,0.0,0.04,0.08,0.19,0.0,0.43,0.35
1,0.0,0.0,0.31,0.0,0.13,0.04,0.0,0.0,0.0,0.08,0.14,0.04,0.51,0.32
1,0.0,0.0,0.19,0.04,0.12,0.04,0.0,0.0,0.0,0.02,0.08,0.04,0.51,0.34
1,0.0,0.0,0.03,0.04,0.05,0.05,0.0,0.0,0.0,0.0,0.0,0.04,0.65,0.45
1,0.0,0.0,0.11,0.04,0.16,0.1,0.0,0.03,0.0,0.0,0.0,0.0,0.72,0.58
1,0.0,0.0,0.16,0.0,0.14,0.1,0.0,0.1,0.0,0.0,0.0,0.0,0.59,0.56
1,0.0,0.0,0.32,0.0,0.24,0.12,0.0,0.19,0.0,0.0,0.0,0.0,0.67,0.57
1,0.01,0.0,0.46,0.0,0.15,0.03,0.0,0.17,0.0,0.0,0.0,0.0,0.87,0.6
1,0.02,0.0,0.69,0.0,0.23,0.03,0.0,0.16,0.01,0.0,0.08,0.0,1.04,0.79
1,0.3,0.0,0.6,0.0,0.13,0.0,0.0,0.07,0.01,0.0,0.08,0.0,1.2,0.96
1,0.41,0.11,0.43,0.0,0.08,0.0,0.0,0.17,0.01,0.0,0.17,0.0,1.06,1.07
1,0.4,0.11,0.36,0.0,0.0,0.05,0.0,0.11,0.0,0.0,0.09,0.0,0.92,1.02
1,0.12,0.11,0.26,0.0,0.0,0.05,0.0,0.11,0.0,0.0,0.09,0.0,0.61,0.95
1,0.0,0.0,0.22,0.22,0.0,0.05,0.0,0.0,0.19,0.0,0.13,0.0,0.33,0.88
1,0.0,0.0,0.1,0.45,0.0,0.0,0.0,0.0,0.19,0.0,0.34,0.0,0.24,1.02
1,0.0,0.0,0.21,0.89,0.0,0.0,0.0,0.0,0.26,0.0,0.54,0.14,0.07,1.16
1,0.0,0.0,0.21,0.85,0.0,0.0,0.0,0.0,0.11,0.0,0.68,0.19,0.17,1.5
1,0.05,0.0,0.11,0.62,0.0,0.0,0.0,0.0,0.22,0.08,0.98,0.19,0.29,1.78
1,0.05,0.0,0.0,0.18,0.0,0.0,0.0,0.0,0.21,0.08,1.1,0.06,0.31,2.02
1,0.05,0.0,0.05,0.06,0.06,0.0,0.0,0.04,0.37,0.08,1.05,0.01,0.31,2.1
1,0.0,0.0,0.05,0.33,0.06,0.0,0.0,0.04,0.31,0.0,0.73,0.0,0.26,2.29
1,0.0,0.0,0.25,0.42,0.06,0.0,0.0,0.04,0.33,0.0,0.65,0.0,0.41,2.5
1,0.0,0.0,0.54,0.69,0.0,0.0,0.0,0.0,0.13,0.0,0.62,0.0,0.29,2.69
1,0.0,0.0,0.86,0.56,0.0,0.0,0.0,0.0,0.09,0.0,0.62,0.0,0.22,2.72
1,0.0,0.0,1.05,0.47,0.0,0.0,0.0,0.0,0.01,0.0,0.53,0.0,0.06,2.61
1,0.0,0.02,0.75,0.57,0.0,0.0,0.0,0.0,0.01,0.09,0.64,0.0,0.2,2.46
1,0.07,0.33,0.43,0.86,0.0,0.0,0.0,0.0,0.0,0.15,0.81,0.0,0.44,2.51
1,0.36,0.78,0.04,1.37,0.0,0.0,0.0,0.0,0.0,0.26,0.93,0.0,0.75,2.71
1,0.44,1.09,0.0,1.71,0.0,0.0,0.0,0.0,0.0,0.33,0.91,0.01,0.97,2.91
1,0.43,1.09,0.05,1.77,0.0,0.0,0.0,0.0,0.0,0.27,0.85,0.03,1.12,2.88
1,0.2,0.95,0.07,1.74,0.0,0.0,0.0,0.0,0.0,0.16,0.82,0.14,1.14,2.81
1,0.15,0.88,0.09,1.37,0.0,0.0,0.0,0.0,0.0,0.0,0.82,0.21,1.1,2.81
1,0.09,0.74,0.04,1.36,0.0,0.0,0.0,0.0,0.0,0.04,0.91,0.22,1.06,2.94
1,0.06,0.72,0.04,1.16,0.0,0.0,0.0,0.0,0.0,0.1,1.07,0.18,0.89,2.95
1,0.05,0.58,0.12,0.79,0.0,0.0,0.0,0.0,0.0,0.12,1.23,0.26,0.75,2.94
1,0.13,0.61,0.18,0.58,0.0,0.0,0.0,0.0,0.0,0.24,1.21,0.35,0.62,3.0
1,0.16,0.55,0.23,0.54,0.0,0.0,0.0,0.0,0.0,0.18,1.22,0.42,0.62,2.98
1,0.14,0.43,0.22,0.6,0.0,0.0,0.0,0.0,0.0,0.24,1.05,0.26,0.65,3.07
1,0.07,0.23,0.23,0.46,0.0,0.0,0.0,0.0,0.0,0.09,1.04,0.14,0.44,2.96
1,0.01,0.0,0.17,0.42,0.0,0.0,0.0,0.0,0.0,0.09,0.86,0.0,0.26,2.96
1,0.01,0.0,0.07,0.44,0.0,0.0,0.0,0.0,0.0,0.0,0.8,0.0,0.06,2.73
1,0.0,0.0,0.0,0.31,0.0,0.0,0.0,0.0,0.05,0.01,0.68,0.1,0.12,2.23
1,0.0,0.0,0.0,0.11,0.0,0.0,0.0,0.0,0.05,0.01,0.64,0.13,0.12,1.77
1,0.0,0.0,0.0,0.0,0.0,0.0,0.0,0.0,0.05,0.02,0.4,0.13,0.31,1.34
1,0.0,0.0,0.0,0.0,0.0,0.0,0.0,0.0,0.0,0.03,0.3,0.02,0.31,1.24
1,0.0,0.0,0.0,0.0,0.0,0.0,0.0,0.0,0.0,0.03,0.11,0.0,0.53,1.29
1,0.0,0.0,0.0,0.0,0.0,0.0,0.0,0.0,0.0,0.02,0.11,0.0,0.34,1.17
1,0.0,0.0,0.0,0.0,0.0,0.0,0.0,0.0,0.0,0.0,0.0,0.0,0.22,1.06
1,0.0,0.0,0.0,0.0,0.0,0.0,0.0,0.0,0.0,0.03,0.08,0.0,0.0,0.83
1,0.02,0.0,0.0,0.0,0.0,0.0,0.0,0.0,0.02,0.1,0.08,0.0,0.13,0.87
1,0.21,0.0,0.0,0.0,0.07,0.0,0.0,0.0,0.02,0.19,0.16,0.0,0.13,0.65
1,0.39,0.0,0.0,0.0,0.18,0.0,0.0,0.0,0.08,0.24,0.39,0.0,0.13,0.54
1,0.36,0.0,0.0,0.0,0.24,0.0,0.0,0.0,0.06,0.34,0.62,0.0,0.0,0.46
1,0.17,0.0,0.0,0.0,0.23,0.0,0.0,0.0,0.19,0.53,0.76,0.04,0.0,0.47
1,0.19,0.0,0.0,0.0,0.13,0.0,0.0,0.0,0.24,0.8,0.57,0.04,0.0,0.52
1,0.32,0.0,0.0,0.08,0.07,0.0,0.0,0.0,0.3,0.99,0.63,0.04,0.0,0.31
1,0.54,0.0,0.0,0.16,0.01,0.08,0.0,0.0,0.41,0.97,0.83,0.0,0.0,0.23
1,0.65,0.09,0.0,0.16,0.0,0.13,0.0,0.0,0.36,0.94,1.12,0.0,0.08,0.03
1,0.88,0.18,0.0,0.08,0.06,0.17,0.0,0.01,0.39,0.83,1.18,0.0,0.33,0.04
1,0.91,0.18,0.0,0.0,0.06,0.17,0.04,0.01,0.29,0.88,1.15,0.0,0.47,0.04
1,1.02,0.28,0.0,0.24,0.07,0.14,0.07,0.01,0.35,0.99,1.17,0.0,0.53,0.04
1,0.66,0.2,0.18,0.48,0.01,0.09,0.07,0.0,0.41,0.75,0.82,0.01,0.52,0.0
1,0.49,0.2,0.37,0.69,0.01,0.02,0.04,0.0,0.32,0.44,0.46,0.01,0.65,0.0
1,0.25,0.0,0.57,0.64,0.0,0.0,0.0,0.0,0.2,0.0,0.04,0.02,0.86,0.0
1,0.35,0.0,0.56,0.4,0.0,0.05,0.0,0.0,0.16,0.01,0.06,0.03,0.88,0.0
1,0.4,0.0,0.46,0.19,0.0,0.06,0.0,0.0,0.21,0.09,0.07,0.08,0.94,0.08
1,0.38,0.0,0.38,0.0,0.0,0.12,0.0,0.0,0.34,0.09,0.09,0.06,0.85,0.08
1,0.46,0.0,0.32,0.08,0.0,0.13,0.0,0.0,0.3,0.13,0.07,0.05,0.88,0.08
1,0.44,0.0,0.29,0.17,0.0,0.13,0.0,0.0,0.29,0.16,0.08,0.0,0.74,0.13
1,0.43,0.14,0.23,0.17,0.0,0.13,0.0,0.0,0.2,0.25,0.16,0.0,0.65,0.17
1,0.35,0.32,0.24,0.16,0.0,0.13,0.0,0.0,0.2,0.33,0.28,0.08,0.73,0.37
1,0.28,0.34,0.29,0.13,0.0,0.12,0.0,0.0,0.23,0.4,0.37,0.08,0.7,0.44
1,0.22,0.2,0.3,0.27,0.0,0.11,0.0,0.0,0.34,0.44,0.46,0.12,0.55,0.62
1,0.33,0.02,0.22,0.53,0.06,0.09,0.0,0.0,0.31,0.31,0.49,0.04,0.35,0.57
1,0.41,0.0,0.24,0.8,0.13,0.1,0.0,0.0,0.19,0.14,0.6,0.04,0.33,0.57
1,0.53,0.0,0.22,0.94,0.16,0.13,0.0,0.0,0.04,0.0,0.66,0.0,0.44,0.63
1,0.52,0.0,0.27,0.88,0.15,0.12,0.0,0.0,0.01,0.0,0.75,0.0,0.46,0.72
1,0.58,0.0,0.18,0.68,0.13,0.19,0.0,0.0,0.06,0.0,0.72,0.0,0.47,0.76
1,0.56,0.0,0.14,0.52,0.14,0.2,0.0,0.0,0.14,0.0,0.76,0.0,0.57,0.71
1,0.49,0.0,0.06,0.32,0.17,0.2,0.0,0.0,0.26,0.06,0.69,0.0,0.59,0.76
1,0.38,0.0,0.12,0.19,0.18,0.17,0.0,0.0,0.3,0.15,0.64,0.0,0.7,0.68
1,0.27,0.0,0.2,0.08,0.23,0.1,0.0,0.0,0.28,0.24,0.69,0.0,0.7,0.69
1,0.18,0.0,0.47,0.0,0.32,0.05,0.0,0.0,0.31,0.22,0.84,0.0,0.62,0.64
1,0.2,0.0,0.44,0.0,0.38,0.09,0.0,0.05,0.43,0.27,1.01,0.0,0.58,0.71
1,0.14,0.0,0.43,0.0,0.46,0.15,0.0,0.08,0.59,0.23,1.02,0.0,0.43,0.66
1,0.12,0.0,0.48,0.0,0.46,0.18,0.0,0.08,0.84,0.19,0.93,0.18,0.39,0.64
1,0.0,0.0,0.78,0.0,0.51,0.1,0.0,0.03,1.06,0.04,0.82,0.37,0.18,0.5
1,0.0,0.0,1.11,0.0,0.51,0.08,0.0,0.0,1.21,0.0,0.74,0.56,0.09,0.43
1,0.0,0.0,1.29,0.0,0.55,0.14,0.0,0.0,1.14,0.0,0.69,0.48,0.05,0.39
1,0.0,0.0,1.37,0.0,0.55,0.19,0.0,0.0,1.03,0.0,0.6,0.4,0.04,0.43
1,0.0,0.0,1.36,0.0,0.55,0.23,0.0,0.0,0.91,0.0,0.54,0.28,0.03,0.45
1,0.0,0.0,1.2,0.0,0.47,0.15,0.0,0.0,0.9,0.01,0.66,0.44,0.0,0.39
1,0.0,0.0,1.05,0.11,0.37,0.17,0.0,0.0,0.89,0.01,0.81,0.54,0.02,0.52
1,0.0,0.0,0.9,0.11,0.23,0.14,0.0,0.0,0.82,0.01,0.88,0.75,0.14,0.62
1,0.0,0.0,0.81,0.15,0.15,0.13,0.0,0.0,0.68,0.01,0.82,0.7,0.29,0.73
1,0.0,0.0,0.71,0.03,0.11,0.05,0.0,0.0,0.65,0.01,0.7,0.76,0.44,0.67
1,0.0,0.0,0.69,0.03,0.12,0.0,0.0,0.0,0.77,0.01,0.65,0.76,0.39,0.69
1,0.0,0.0,0.67,0.0,0.08,0.0,0.0,0.0,0.81,0.07,0.73,0.55,0.24,0.81
1,0.0,0.0,0.62,0.0,0.05,0.0,0.0,0.05,0.75,0.21,0.68,0.28,0.2,0.92
1,0.0,0.0,0.61,0.0,0.01,0.0,0.0,0.1,0.65,0.29,0.64,0.0,0.21,1.01
1,0.0,0.0,0.62,0.06,0.01,0.0,0.0,0.13,0.6,0.31,0.5,0.0,0.35,0.95
1,0.0,0.0,0.63,0.19,0.01,0.0,0.0,0.11,0.63,0.21,0.54,0.0,0.3,0.93
1,0.02,0.0,0.61,0.24,0.0,0.0,0.0,0.08,0.69,0.19,0.49,0.0,0.34,0.85
1,0.02,0.0,0.57,0.22,0.0,0.0,0.0,0.07,0.72,0.15,0.44,0.0,0.31,0.8
1,0.02,0.0,0.61,0.12,0.0,0.0,0.0,0.07,0.68,0.11,0.39,0.0,0.34,0.81
1,0.0,0.0,0.59,0.13,0.0,0.0,0.0,0.06,0.66,0.08,0.4,0.0,0.3,0.85
1,0.0,0.0,0.52,0.28,0.0,0.0,0.0,0.08,0.7,0.03,0.44,0.0,0.27,0.95
1,0.03,0.0,0.45,0.38,0.0,0.0,0.0,0.09,0.77,0.08,0.51,0.0,0.25,0.98
1,0.07,0.0,0.42,0.45,0.0,0.0,0.0,0.09,0.78,0.1,0.5,0.0,0.26,0.98
1,0.09,0.0,0.51,0.27,0.0,0.0,0.0,0.05,0.64,0.09,0.38,0.0,0.34,0.78
1,0.1,0.0,0.62,0.14,0.0,0.0,0.0,0.02,0.48,0.04,0.26,0.0,0.45,0.63
1,0.06,0.0,0.75,0.0,0.0,0.0,0.0,0.0,0.3,0.0,0.18,0.0,0.52,0.46
1,0.38,0.09,0.8,0.0,0.0,0.0,0.0,0.04,0.23,0.03,0.21,0.1,0.61,0.43
1,0.68,0.26,0.75,0.0,0.0,0.0,0.0,0.12,0.16,0.07,0.23,0.19,0.69,0.37
1,1.02,0.27,0.72,0.0,0.0,0.0,0.0,0.17,0.12,0.17,0.26,0.25,0.77,0.34
1,0.99,0.18,0.7,0.0,0.0,0.0,0.0,0.14,0.12,0.22,0.3,0.22,0.71,0.44
1,0.82,0.01,0.83,0.02,0.0,0.0,0.0,0.06,0.15,0.19,0.36,0.2,0.56,0.57
1,0.55,0.0,0.95,0.02,0.01,0.0,0.0,0.0,0.28,0.12,0.41,0.18,0.39,0.69
1,0.28,0.0,1.06,0.02,0.03,0.0,0.0,0.0,0.33,0.06,0.41,0.14,0.24,0.69
1,0.11,0.0,1.05,0.0,0.04,0.0,0.0,0.0,0.35,0.06,0.39,0.07,0.19,0.66
1,0.04,0.0,0.99,0.0,0.02,0.0,0.0,0.0,0.32,0.04,0.36,0.03,0.16,0.61
1,0.05,0.0,0.88,0.0,0.03,0.0,0.0,0.05,0.46,0.02,0.31,0.03,0.29,0.4
1,0.24,0.0,0.79,0.0,0.1,0.0,0.0,0.13,0.48,0.0,0.19,0.03,0.48,0.19
1,0.4,0.0,0.71,0.0,0.17,0.0,0.0,0.24,0.55,0.0,0.07,0.03,0.66,0.0
1,0.52,0.0,0.69,0.0,0.21,0.0,0.0,0.3,0.48,0.0,0.0,0.0,0.67,0.0
1,0.52,0.0,0.65,0.0,0.2,0.0,0.0,0.32,0.5,0.0,0.02,0.0,0.69,0.0
1,0.51,0.0,0.68,0.0,0.21,0.0,0.0,0.32,0.47,0.0,0.02,0.0,0.67,0.0
1,0.47,0.0,0.7,0.0,0.22,0.0,0.0,0.32,0.49,0.0,0.04,0.0,0.71,0.0
1,0.47,0.0,0.7,0.0,0.22,0.0,0.0,0.33,0.52,0.0,0.02,0.0,0.59,0.0
1,0.41,0.0,0.68,0.0,0.24,0.0,0.0,0.3,0.5,0.0,0.04,0.0,0.61,0.0
1,0.35,0.0,0.63,0.0,0.23,0.0,0.0,0.29,0.47,0.02,0.02,0.02,0.53,0.0
1,0.21,0.0,0.58,0.0,0.23,0.02,0.0,0.27,0.45,0.07,0.06,0.02,0.56,0.0
1,0.13,0.0,0.44,0.0,0.25,0.02,0.0,0.26,0.35,0.07,0.04,0.02,0.56,0.0
1,0.06,0.0,0.61,0.0,0.19,0.02,0.0,0.17,0.39,0.09,0.07,0.0,0.53,0.13
1,0.02,0.0,0.76,0.0,0.18,0.0,0.0,0.07,0.28,0.09,0.1,0.03,0.57,0.45
1,0.0,0.0,0.98,0.0,0.13,0.0,0.0,0.0,0.35,0.13,0.16,0.09,0.55,0.75
1,0.0,0.0,0.87,0.0,0.16,0.0,0.0,0.0,0.22,0.17,0.18,0.09,0.64,0.88
1,0.0,0.0,0.87,0.0,0.12,0.0,0.0,0.0,0.27,0.22,0.21,0.06,0.68,0.79
1,0.0,0.0,0.86,0.0,0.11,0.02,0.0,0.0,0.31,0.22,0.2,0.0,0.72,0.74
1,0.0,0.0,0.94,0.0,0.12,0.02,0.0,0.0,0.43,0.2,0.18,0.05,0.75,0.7
1,0.0,0.0,0.9,0.0,0.09,0.02,0.0,0.0,0.43,0.15,0.09,0.05,0.72,0.67
1,0.0,0.0,0.93,0.0,0.07,0.01,0.0,0.0,0.48,0.18,0.09,0.05,0.76,0.63
1,0.0,0.0,0.92,0.0,0.06,0.01,0.0,0.0,0.46,0.14,0.13,0.0,0.77,0.62
1,0.0,0.0,0.96,0.0,0.07,0.01,0.0,0.0,0.53,0.14,0.21,0.0,0.83,0.69
1,0.0,0.0,0.91,0.0,0.1,0.07,0.0,0.0,0.49,0.08,0.23,0.0,0.82,0.73
1,0.01,0.0,0.64,0.05,0.07,0.07,0.0,0.03,0.53,0.09,0.19,0.0,0.56,0.58
1,0.05,0.05,0.43,0.05,0.05,0.05,0.0,0.04,0.5,0.06,0.11,0.0,0.34,0.38
1,0.08,0.05,0.28,0.11,0.0,0.0,0.0,0.04,0.55,0.04,0.03,0.0,0.15,0.19
1,0.17,0.09,0.46,0.18,0.0,0.01,0.0,0.02,0.53,0.0,0.0,0.0,0.24,0.22
1,0.22,0.14,0.59,0.29,0.01,0.09,0.0,0.01,0.5,0.0,0.0,0.0,0.28,0.21
1,0.41,0.28,0.71,0.25,0.01,0.1,0.0,0.01,0.48,0.0,0.0,0.0,0.35,0.19
1,0.56,0.3,0.7,0.32,0.01,0.08,0.0,0.03,0.46,0.04,0.0,0.0,0.37,0.11
1,0.62,0.33,0.59,0.25,0.0,0.01,0.0,0.04,0.53,0.06,0.0,0.0,0.41,0.1
1,0.52,0.25,0.48,0.23,0.0,0.0,0.0,0.04,0.61,0.08,0.0,0.0,0.31,0.07
1,0.26,0.18,0.49,0.04,0.0,0.03,0.0,0.06,0.62,0.12,0.0,0.0,0.32,0.18
1,0.11,0.05,0.65,0.0,0.02,0.03,0.0,0.09,0.6,0.15,0.0,0.0,0.3,0.22
1,0.0,0.0,0.77,0.0,0.05,0.04,0.0,0.16,0.54,0.13,0.0,0.0,0.34,0.23
1,0.1,0.16,0.67,0.0,0.12,0.01,0.0,0.25,0.49,0.05,0.0,0.0,0.32,0.11
1,0.12,0.37,0.55,0.0,0.18,0.01,0.0,0.31,0.49,0.0,0.0,0.0,0.31,0.04
1,0.19,0.66,0.42,0.0,0.22,0.0,0.0,0.34,0.44,0.02,0.0,0.0,0.33,0.0
1,0.18,0.69,0.4,0.0,0.21,0.0,0.0,0.31,0.42,0.05,0.0,0.0,0.37,0.0
1,0.16,0.66,0.33,0.0,0.15,0.0,0.0,0.33,0.4,0.08,0.0,0.0,0.38,0.0
1,0.09,0.57,0.31,0.0,0.1,0.0,0.0,0.35,0.42,0.05,0.0,0.0,0.36,0.0
1,0.0,0.54,0.3,0.0,0.05,0.0,0.0,0.33,0.45,0.02,0.0,0.0,0.28,0.0
1,0.0,0.46,0.25,0.0,0.03,0.0,0.0,0.31,0.4,0.0,0.0,0.0,0.27,0.01
1,0.02,0.31,0.2,0.0,0.09,0.0,0.0,0.33,0.37,0.0,0.0,0.0,0.25,0.04
1,0.02,0.32,0.3,0.0,0.16,0.0,0.0,0.34,0.49,0.0,0.0,0.0,0.21,0.04
1,0.02,0.25,0.46,0.07,0.22,0.0,0.0,0.34,0.64,0.0,0.0,0.0,0.09,0.03
1,0.0,0.21,0.57,0.08,0.18,0.0,0.0,0.3,0.79,0.0,0.0,0.0,0.05,0.06
1,0.12,0.04,0.46,0.08,0.15,0.0,0.0,0.22,0.72,0.0,0.0,0.28,0.25,0.06
1,0.25,0.0,0.33,0.01,0.18,0.0,0.0,0.14,0.65,0.0,0.0,0.43,0.27,0.08
1,0.33,0.0,0.24,0.0,0.23,0.0,0.0,0.03,0.49,0.0,0.0,0.52,0.37,0.15
1,0.29,0.0,0.29,0.0,0.27,0.0,0.0,0.01,0.49,0.0,0.0,0.27,0.15,0.17
1,0.21,0.0,0.35,0.0,0.29,0.0,0.0,0.0,0.5,0.04,0.04,0.14,0.13,0.16
1,0.21,0.0,0.4,0.0,0.33,0.0,0.0,0.01,0.54,0.04,0.04,0.12,0.0,0.12
1,0.24,0.0,0.44,0.0,0.34,0.0,0.0,0.01,0.54,0.04,0.06,0.2,0.0,0.13
1,0.25,0.0,0.4,0.0,0.34,0.0,0.0,0.01,0.61,0.07,0.11,0.26,0.04,0.32
1,0.31,0.0,0.4,0.0,0.33,0.0,0.0,0.0,0.61,0.07,0.12,0.32,0.08,0.39
1,0.32,0.0,0.43,0.0,0.3,0.0,0.0,0.0,0.57,0.07,0.15,0.35,0.12,0.61
1,0.39,0.02,0.54,0.0,0.29,0.0,0.0,0.0,0.53,0.0,0.19,0.41,0.08,0.64
1,0.35,0.02,0.52,0.0,0.22,0.0,0.0,0.0,0.55,0.02,0.27,0.4,0.12,0.73
1,0.38,0.05,0.47,0.1,0.17,0.0,0.0,0.0,0.45,0.02,0.22,0.5,0.08,0.48
1,0.35,0.15,0.54,0.1,0.15,0.0,0.0,0.0,0.3,0.02,0.08,0.49,0.08,0.43
1,0.34,0.2,0.72,0.1,0.17,0.0,0.0,0.0,0.15,0.0,0.0,0.44,0.0,0.28
1,0.2,0.16,0.75,0.0,0.17,0.0,0.0,0.0,0.13,0.0,0.0,0.2,0.0,0.32
1,0.12,0.06,0.66,0.0,0.15,0.0,0.0,0.0,0.17,0.0,0.0,0.1,0.0,0.22
1,0.04,0.02,0.51,0.0,0.13,0.0,0.0,0.0,0.15,0.01,0.0,0.12,0.0,0.16
1,0.05,0.03,0.62,0.0,0.19,0.03,0.0,0.0,0.2,0.01,0.0,0.18,0.0,0.25
1,0.13,0.01,0.65,0.0,0.19,0.03,0.0,0.0,0.17,0.01,0.0,0.3,0.0,0.24
1,0.15,0.01,0.74,0.0,0.17,0.03,0.0,0.0,0.18,0.01,0.0,0.32,0.03,0.31
1,0.23,0.0,0.66,0.0,0.15,0.02,0.0,0.0,0.1,0.01,0.0,0.35,0.03,0.28
1,0.18,0.01,0.63,0.0,0.14,0.02,0.0,0.0,0.07,0.01,0.0,0.21,0.03,0.31
1,0.24,0.05,0.63,0.0,0.16,0.03,0.0,0.0,0.07,0.0,0.0,0.11,0.0,0.3
1,0.32,0.17,0.65,0.0,0.13,0.01,0.0,0.09,0.19,0.0,0.13,0.02,0.06,0.28
1,0.37,0.42,0.7,0.01,0.09,0.01,0.0,0.2,0.28,0.0,0.37,0.0,0.13,0.28
1,0.5,0.67,0.7,0.01,0.03,0.0,0.0,0.32,0.38,0.04,0.53,0.0,0.34,0.25
1,0.56,0.78,0.7,0.01,0.0,0.0,0.0,0.35,0.31,0.12,0.47,0.0,0.43,0.19
1,0.67,0.79,0.67,0.0,0.0,0.0,0.0,0.34,0.35,0.22,0.32,0.0,0.46,0.1
1,0.65,0.85,0.67,0.0,0.0,0.0,0.0,0.28,0.41,0.28,0.35,0.0,0.37,0.18
1,0.56,0.89,0.64,0.0,0.0,0.0,0.0,0.23,0.55,0.26,0.49,0.0,0.36,0.35
1,0.41,0.83,0.53,0.0,0.0,0.0,0.0,0.24,0.61,0.23,0.56,0.0,0.41,0.55
1,0.31,0.65,0.44,0.03,0.0,0.0,0.0,0.27,0.6,0.19,0.55,0.0,0.46,0.63
1,0.22,0.6,0.36,0.15,0.04,0.0,0.0,0.29,0.61,0.14,0.57,0.0,0.45,0.72
1,0.16,0.66,0.34,0.15,0.07,0.0,0.0,0.28,0.62,0.07,0.68,0.0,0.42,0.76
1,0.08,0.67,0.27,0.12,0.09,0.0,0.0,0.29,0.63,0.04,0.72,0.0,0.33,0.7
1,0.32,0.55,0.59,0.18,0.21,0.0,0.0,0.2,0.75,0.01,0.54,0.04,0.53,0.63
1,0.53,0.52,0.97,0.18,0.39,0.0,0.0,0.16,0.9,0.03,0.39,0.12,0.67,0.6
1,0.75,0.57,1.32,0.18,0.56,0.03,0.0,0.11,1.07,0.03,0.23,0.26,0.8,0.69
1,0.74,0.73,1.39,0.0,0.62,0.03,0.0,0.17,1.16,0.04,0.27,0.37,0.72,0.78
1,0.76,0.78,1.35,0.0,0.62,0.07,0.0,0.15,1.16,0.03,0.25,0.4,0.64,0.81
1,0.82,0.82,1.4,0.0,0.62,0.07,0.0,0.15,1.13,0.05,0.29,0.36,0.63,0.75
1,0.81,0.82,1.41,0.0,0.59,0.06,0.0,0.12,1.05,0.04,0.3,0.32,0.59,0.69
1,0.86,0.9,1.42,0.0,0.54,0.07,0.0,0.07,0.99,0.07,0.36,0.34,0.58,0.67
1,0.82,0.87,1.42,0.0,0.51,0.08,0.0,0.03,0.96,0.05,0.44,0.4,0.51,0.67
1,0.84,0.86,1.48,0.0,0.46,0.1,0.0,0.0,0.93,0.04,0.51,0.45,0.53,0.74
1,0.79,0.74,1.47,0.0,0.49,0.11,0.0,0.0,0.96,0.01,0.48,0.47,0.55,0.77
1,0.8,0.68,1.45,0.02,0.47,0.14,0.0,0.0,0.89,0.02,0.49,0.37,0.54,0.82
1,0.59,0.53,1.18,0.02,0.37,0.11,0.0,0.09,0.81,0.02,0.42,0.23,0.42,0.62
1,0.44,0.44,0.92,0.02,0.24,0.05,0.0,0.16,0.69,0.0,0.36,0.09,0.3,0.41
1,0.3,0.37,0.77,0.0,0.1,0.0,0.0,0.21,0.7,0.06,0.27,0.02,0.31,0.22
1,0.35,0.43,0.8,0.0,0.1,0.0,0.0,0.17,0.66,0.06,0.3,0.0,0.31,0.2
1,0.32,0.48,0.86,0.0,0.09,0.0,0.0,0.15,0.61,0.07,0.33,0.0,0.32,0.31
1,0.24,0.49,0.77,0.0,0.14,0.0,0.0,0.15,0.56,0.01,0.36,0.0,0.3,0.3
1,0.17,0.46,0.69,0.0,0.09,0.0,0.0,0.14,0.57,0.01,0.33,0.0,0.32,0.32
1,0.17,0.38,0.68,0.0,0.1,0.0,0.0,0.14,0.63,0.04,0.28,0.0,0.34,0.25
1,0.12,0.31,0.74,0.0,0.09,0.0,0.0,0.13,0.61,0.09,0.19,0.0,0.33,0.27
1,0.08,0.25,0.77,0.0,0.13,0.0,0.0,0.12,0.58,0.15,0.14,0.0,0.36,0.25
1,0.01,0.18,0.77,0.0,0.1,0.0,0.0,0.1,0.55,0.16,0.14,0.0,0.37,0.24
1,0.08,0.18,0.77,0.0,0.09,0.0,0.0,0.08,0.55,0.12,0.18,0.0,0.35,0.23
1,0.07,0.13,0.75,0.0,0.16,0.07,0.0,0.07,0.37,0.06,0.19,0.1,0.26,0.19
1,0.07,0.07,0.57,0.0,0.18,0.07,0.0,0.07,0.18,0.05,0.17,0.1,0.17,0.12
1,0.0,0.0,0.39,0.0,0.2,0.07,0.0,0.09,0.0,0.07,0.14,0.11,0.1,0.04
1,0.0,0.0,0.2,0.0,0.12,0.0,0.0,0.1,0.0,0.12,0.1,0.01,0.1,0.0
1,0.0,0.0,0.18,0.0,0.11,0.0,0.0,0.12,0.01,0.09,0.15,0.01,0.06,0.0
1,0.0,0.0,0.18,0.0,0.09,0.0,0.0,0.12,0.01,0.05,0.15,0.0,0.07,0.0
1,0.0,0.0,0.21,0.0,0.14,0.0,0.0,0.09,0.01,0.02,0.19,0.0,0.04,0.0
1,0.0,0.0,0.3,0.0,0.17,0.01,0.0,0.07,0.0,0.03,0.21,0.0,0.04,0.0
1,0.0,0.0,0.34,0.0,0.19,0.01,0.0,0.08,0.0,0.03,0.3,0.01,0.0,0.0
1,0.0,0.0,0.3,0.0,0.2,0.01,0.0,0.09,0.0,0.03,0.27,0.02,0.0,0.0
1,0.0,0.0,0.28,0.0,0.17,0.01,0.0,0.12,0.0,0.03,0.25,0.02,0.0,0.0
1,0.0,0.0,0.3,0.0,0.16,0.04,0.0,0.12,0.0,0.05,0.18,0.01,0.0,0.0
1,0.0,0.0,0.5,0.0,0.13,0.06,0.0,0.1,0.05,0.04,0.36,0.03,0.08,0.13
1,0.0,0.0,0.57,0.0,0.11,0.05,0.0,0.05,0.05,0.06,0.57,0.04,0.12,0.2
1,0.0,0.0,0.6,0.0,0.1,0.02,0.0,0.0,0.05,0.05,0.77,0.04,0.17,0.33
1,0.0,0.0,0.53,0.0,0.1,0.0,0.0,0.0,0.0,0.06,0.82,0.01,0.14,0.35
1,0.0,0.0,0.46,0.0,0.09,0.0,0.0,0.0,0.0,0.05,0.77,0.0,0.12,0.31
1,0.0,0.0,0.45,0.0,0.06,0.0,0.0,0.0,0.0,0.05,0.78,0.0,0.09,0.3
1,0.0,0.0,0.44,0.0,0.06,0.0,0.0,0.0,0.0,0.05,0.77,0.0,0.04,0.19
1,0.0,0.0,0.44,0.0,0.07,0.0,0.0,0.0,0.0,0.03,0.8,0.0,0.04,0.29
1,0.0,0.0,0.4,0.0,0.1,0.0,0.0,0.0,0.0,0.03,0.83,0.0,0.02,0.28
1,0.0,0.0,0.35,0.0,0.09,0.0,0.0,0.0,0.0,0.01,0.89,0.0,0.03,0.33
1,0.0,0.0,0.35,0.0,0.12,0.0,0.0,0.0,0.0,0.0,0.86,0.0,0.05,0.31
1,0.0,0.0,0.39,0.0,0.1,0.0,0.0,0.0,0.0,0.0,0.83,0.0,0.07,0.31
1,0.0,0.0,0.39,0.0,0.07,0.05,0.0,0.0,0.04,0.0,0.54,0.06,0.06,0.34
1,0.0,0.0,0.36,0.0,0.07,0.05,0.0,0.02,0.05,0.0,0.3,0.1,0.02,0.34
1,0.0,0.0,0.26,0.0,0.09,0.05,0.0,0.03,0.09,0.0,0.04,0.16,0.0,0.36
1,0.0,0.0,0.2,0.0,0.12,0.0,0.0,0.05,0.1,0.0,0.02,0.1,0.0,0.39
1,0.0,0.0,0.22,0.0,0.14,0.01,0.0,0.04,0.19,0.0,0.03,0.06,0.0,0.3
1,0.0,0.0,0.32,0.0,0.17,0.06,0.0,0.05,0.19,0.0,0.01,0.0,0.0,0.19
1,0.0,0.0,0.4,0.0,0.16,0.1,0.0,0.06,0.19,0.0,0.01,0.0,0.0,0.04
1,0.0,0.0,0.46,0.0,0.15,0.17,0.0,0.06,0.13,0.0,0.0,0.03,0.0,0.02
1,0.0,0.0,0.5,0.0,0.1,0.19,0.0,0.04,0.21,0.0,0.02,0.03,0.0,0.05
1,0.0,0.0,0.52,0.0,0.13,0.25,0.0,0.01,0.23,0.0,0.02,0.03,0.0,0.07
1,0.0,0.0,0.48,0.0,0.12,0.23,0.0,0.0,0.28,0.0,0.04,0.0,0.0,0.13
1,0.0,0.0,0.44,0.0,0.12,0.23,0.0,0.0,0.23,0.0,0.1,0.0,0.0,0.16
1,0.07,0.0,0.37,0.0,0.22,0.13,0.0,0.05,0.34,0.0,0.1,0.15,0.0,0.23
1,0.07,0.0,0.3,0.0,0.31,0.06,0.0,0.1,0.39,0.0,0.11,0.3,0.0,0.25
1,0.07,0.0,0.19,0.0,0.37,0.0,0.0,0.1,0.4,0.0,0.06,0.51,0.0,0.23
1,0.0,0.0,0.12,0.0,0.36,0.0,0.0,0.06,0.25,0.0,0.11,0.53,0.0,0.26
1,0.0,0.0,0.05,0.0,0.32,0.0,0.0,0.01,0.11,0.0,0.16,0.51,0.0,0.29
1,0.01,0.01,0.09,0.0,0.33,0.0,0.0,0.01,0.06,0.0,0.22,0.37,0.0,0.35
1,0.01,0.01,0.13,0.0,0.33,0.0,0.0,0.01,0.1,0.0,0.25,0.29,0.01,0.38
1,0.03,0.01,0.24,0.0,0.38,0.0,0.0,0.02,0.15,0.0,0.23,0.27,0.01,0.39
1,0.06,0.0,0.3,0.0,0.42,0.0,0.0,0.11,0.35,0.0,0.25,0.19,0.06,0.33
1,0.08,0.0,0.34,0.0,0.47,0.0,0.0,0.1,0.44,0.0,0.34,0.13,0.05,0.25
1,0.05,0.0,0.34,0.0,0.5,0.0,0.0,0.09,0.51,0.0,0.46,0.03,0.05,0.16
1,0.01,0.0,0.39,0.0,0.49,0.0,0.0,0.01,0.42,0.0,0.48,0.03,0.0,0.25
1,0.0,0.0,0.43,0.0,0.32,0.0,0.0,0.01,0.29,0.0,0.41,0.08,0.08,0.31
1,0.0,0.0,0.51,0.0,0.31,0.0,0.0,0.02,0.25,0.03,0.36,0.11,0.15,0.37
1,0.0,0.0,0.59,0.0,0.27,0.01,0.0,0.03,0.3,0.03,0.29,0.14,0.2,0.3
1,0.0,0.0,0.6,0.0,0.37,0.01,0.0,0.05,0.34,0.04,0.29,0.1,0.14,0.26
1,0.0,0.0,0.61,0.0,0.32,0.01,0.0,0.07,0.32,0.01,0.26,0.07,0.08,0.22
1,0.0,0.0,0.55,0.0,0.33,0.01,0.0,0.07,0.17,0.01,0.28,0.09,0.07,0.21
1,0.0,0.0,0.51,0.0,0.35,0.01,0.0,0.09,0.14,0.0,0.24,0.05,0.08,0.16
1,0.0,0.0,0.47,0.0,0.37,0.01,0.0,0.07,0.1,0.0,0.19,0.09,0.12,0.16
1,0.01,0.0,0.49,0.0,0.38,0.0,0.0,0.07,0.07,0.0,0.15,0.12,0.22,0.12
1,0.28,0.25,0.46,0.0,0.26,0.0,0.0,0.11,0.19,0.01,0.15,0.12,0.39,0.09
1,0.51,0.46,0.37,0.0,0.14,0.0,0.0,0.17,0.31,0.01,0.17,0.08,0.61,0.03
1,0.66,0.57,0.32,0.0,0.0,0.0,0.0,0.21,0.49,0.01,0.19,0.01,0.65,0.02
1,0.56,0.33,0.51,0.0,0.0,0.0,0.0,0.22,0.35,0.01,0.13,0.07,0.51,0.13
1,0.36,0.12,0.81,0.0,0.0,0.0,0.0,0.21,0.2,0.03,0.16,0.07,0.24,0.23
1,0.27,0.0,1.04,0.0,0.0,0.0,0.0,0.2,0.09,0.03,0.18,0.06,0.06,0.21
1,0.09,0.0,1.12,0.0,0.0,0.0,0.0,0.15,0.12,0.06,0.23,0.0,0.0,0.1
1,0.1,0.0,1.11,0.0,0.0,0.0,0.0,0.12,0.12,0.06,0.18,0.0,0.06,0.14
1,0.08,0.0,1.09,0.0,0.0,0.0,0.0,0.13,0.05,0.1,0.12,0.0,0.06,0.14
1,0.12,0.0,1.06,0.0,0.0,0.0,0.0,0.15,0.0,0.06,0.12,0.0,0.06,0.14
1,0.16,0.09,1.07,0.0,0.0,0.0,0.0,0.16,0.0,0.05,0.1,0.0,0.02,0.0
1,0.15,0.16,1.1,0.0,0.0,0.0,0.0,0.13,0.0,0.02,0.08,0.0,0.03,0.0
1,0.17,0.2,1.18,0.0,0.0,0.0,0.0,0.13,0.0,0.05,0.05,0.0,0.05,0.0
1,0.18,0.13,1.21,0.0,0.0,0.0,0.0,0.13,0.0,0.05,0.1,0.0,0.03,0.02
1,0.22,0.06,1.24,0.0,0.0,0.0,0.0,0.14,0.0,0.03,0.15,0.0,0.06,0.05
1,0.43,0.03,0.83,0.0,0.0,0.0,0.0,0.1,0.11,0.0,0.14,0.0,0.13,0.05
1,0.47,0.01,0.53,0.0,0.04,0.0,0.0,0.09,0.23,0.0,0.06,0.0,0.23,0.03
1,0.46,0.01,0.27,0.0,0.11,0.0,0.0,0.1,0.41,0.0,0.0,0.0,0.33,0.0
1,0.26,0.0,0.31,0.0,0.14,0.0,0.0,0.13,0.48,0.0,0.0,0.0,0.34,0.0
1,0.19,0.0,0.31,0.0,0.13,0.0,0.0,0.12,0.51,0.0,0.0,0.0,0.39,0.02
1,0.17,0.0,0.28,0.0,0.13,0.0,0.0,0.13,0.49,0.0,0.0,0.0,0.39,0.04
1,0.18,0.0,0.32,0.0,0.13,0.0,0.0,0.14,0.46,0.0,0.0,0.0,0.45,0.07
1,0.22,0.0,0.35,0.0,0.14,0.0,0.0,0.15,0.46,0.0,0.0,0.0,0.43,0.1
1,0.3,0.0,0.32,0.0,0.13,0.0,0.0,0.15,0.45,0.0,0.0,0.0,0.46,0.09
1,0.42,0.0,0.4,0.0,0.18,0.0,0.0,0.16,0.49,0.0,0.0,0.0,0.45,0.14
1,0.44,0.07,0.45,0.0,0.22,0.0,0.0,0.19,0.52,0.01,0.0,0.0,0.5,0.23
1,0.51,0.23,0.53,0.0,0.24,0.0,0.0,0.21,0.5,0.01,0.0,0.0,0.5,0.32
1,0.56,0.23,0.54,0.0,0.16,0.0,0.0,0.2,0.32,0.04,0.01,0.0,0.42,0.34
1,0.51,0.16,0.55,0.0,0.08,0.0,0.0,0.15,0.13,0.15,0.07,0.0,0.43,0.21
1,0.32,0.0,0.64,0.04,0.05,0.0,0.0,0.15,0.0,0.26,0.11,0.0,0.41,0.18
1,0.09,0.0,0.69,0.04,0.1,0.01,0.0,0.18,0.0,0.33,0.17,0.0,0.48,0.15
1,0.03,0.0,0.76,0.04,0.14,0.01,0.0,0.21,0.0,0.29,0.19,0.03,0.42,0.16
1,0.03,0.0,0.67,0.0,0.15,0.01,0.0,0.16,0.0,0.27,0.27,0.04,0.39,0.09
1,0.03,0.0,0.69,0.0,0.16,0.01,0.0,0.12,0.0,0.25,0.34,0.08,0.38,0.12
1,0.0,0.0,0.71,0.0,0.13,0.01,0.0,0.09,0.0,0.29,0.39,0.11,0.43,0.15
1,0.0,0.0,0.78,0.0,0.15,0.03,0.0,0.06,0.0,0.26,0.44,0.2,0.51,0.32
1,0.02,0.0,0.76,0.04,0.14,0.03,0.0,0.04,0.0,0.27,0.43,0.23,0.54,0.35
1,0.06,0.0,0.71,0.07,0.17,0.06,0.0,0.02,0.0,0.21,0.44,0.25,0.56,0.49
1,0.16,0.0,0.86,0.07,0.17,0.05,0.0,0.04,0.0,0.22,0.39,0.23,0.58,0.43
1,0.38,0.0,0.87,0.03,0.12,0.05,0.0,0.02,0.03,0.13,0.3,0.39,0.52,0.31
1,0.42,0.0,0.82,0.0,0.07,0.01,0.0,0.01,0.15,0.17,0.21,0.43,0.34,0.11
1,0.37,0.0,0.67,0.0,0.0,0.0,0.0,0.0,0.21,0.15,0.25,0.55,0.15,0.04
1,0.17,0.0,0.69,0.0,0.0,0.0,0.0,0.0,0.17,0.23,0.39,0.48,0.06,0.11
1,0.22,0.0,0.82,0.0,0.0,0.0,0.0,0.0,0.06,0.15,0.45,0.47,0.09,0.11
1,0.16,0.0,0.88,0.0,0.04,0.0,0.0,0.0,0.0,0.13,0.37,0.45,0.07,0.07
1,0.13,0.0,0.93,0.0,0.08,0.0,0.0,0.0,0.0,0.06,0.27,0.44,0.06,0.0
1,0.0,0.0,0.99,0.03,0.15,0.0,0.0,0.0,0.03,0.05,0.26,0.48,0.03,0.02
1,0.0,0.0,0.88,0.06,0.16,0.0,0.0,0.0,0.04,0.05,0.32,0.43,0.01,0.03
1,0.0,0.0,0.81,0.09,0.17,0.0,0.0,0.0,0.07,0.06,0.35,0.36,0.03,0.07
1,0.0,0.0,0.66,0.1,0.14,0.0,0.0,0.0,0.06,0.1,0.31,0.33,0.05,0.11
1,0.0,0.0,0.68,0.22,0.15,0.0,0.0,0.0,0.05,0.06,0.29,0.3,0.05,0.21
1,0.0,0.0,0.63,0.19,0.12,0.0,0.0,0.0,0.03,0.08,0.26,0.27,0.07,0.16
1,0.0,0.0,0.57,0.14,0.11,0.0,0.0,0.0,0.01,0.05,0.27,0.15,0.05,0.14
1,0.0,0.0,0.52,0.0,0.06,0.0,0.0,0.0,0.01,0.04,0.28,0.05,0.11,0.07
1,0.0,0.0,0.48,0.0,0.05,0.0,0.0,0.0,0.0,0.0,0.35,0.0,0.14,0.07
1,0.0,0.0,0.5,0.0,0.04,0.0,0.0,0.0,0.0,0.0,0.43,0.0,0.24,0.03
1,0.0,0.0,0.45,0.0,0.05,0.0,0.0,0.0,0.0,0.0,0.44,0.0,0.23,0.04
1,0.0,0.0,0.41,0.0,0.04,0.0,0.0,0.0,0.0,0.0,0.4,0.0,0.2,0.03
1,0.0,0.0,0.36,0.0,0.03,0.0,0.0,0.0,0.0,0.0,0.36,0.0,0.1,0.03
1,0.0,0.0,0.36,0.0,0.03,0.0,0.0,0.0,0.0,0.0,0.36,0.0,0.15,0.0
1,0.0,0.0,0.37,0.0,0.03,0.0,0.0,0.0,0.0,0.0,0.36,0.0,0.17,0.0
1,0.0,0.0,0.39,0.0,0.03,0.0,0.0,0.0,0.0,0.0,0.32,0.0,0.21,0.0
1,0.0,0.0,0.42,0.0,0.01,0.0,0.0,0.0,0.0,0.0,0.3,0.0,0.16,0.0
1,0.0,0.01,0.46,0.0,0.05,0.07,0.0,0.0,0.05,0.0,0.26,0.01,0.27,0.0
1,0.0,0.01,0.43,0.0,0.04,0.14,0.0,0.02,0.21,0.0,0.32,0.02,0.35,0.06
1,0.0,0.01,0.34,0.0,0.05,0.21,0.0,0.02,0.34,0.0,0.39,0.02,0.34,0.06
1,0.0,0.0,0.29,0.0,0.06,0.23,0.0,0.02,0.45,0.0,0.49,0.07,0.2,0.07
1,0.0,0.0,0.29,0.0,0.08,0.28,0.0,0.0,0.43,0.0,0.51,0.06,0.14,0.0
1,0.0,0.0,0.33,0.0,0.11,0.32,0.0,0.01,0.46,0.0,0.48,0.1,0.18,0.0
1,0.0,0.0,0.34,0.0,0.1,0.32,0.0,0.02,0.43,0.0,0.42,0.05,0.19,0.0
1,0.0,0.02,0.4,0.0,0.13,0.34,0.0,0.04,0.44,0.0,0.43,0.04,0.19,0.01
1,0.0,0.02,0.47,0.0,0.13,0.35,0.0,0.07,0.41,0.0,0.41,0.07,0.15,0.01
1,0.21,0.07,0.49,0.0,0.09,0.36,0.0,0.06,0.36,0.03,0.32,0.07,0.25,0.01
1,0.28,0.14,0.51,0.0,0.05,0.32,0.0,0.06,0.34,0.03,0.2,0.07,0.39,0.0
1,0.31,0.23,0.58,0.0,0.0,0.31,0.0,0.06,0.35,0.06,0.16,0.0,0.5,0.0
1,0.1,0.18,0.63,0.0,0.0,0.2,0.0,0.06,0.32,0.19,0.15,0.0,0.65,0.0
1,0.03,0.1,0.66,0.0,0.0,0.1,0.0,0.09,0.22,0.32,0.25,0.0,0.72,0.03
1,0.0,0.0,0.62,0.0,0.0,0.0,0.0,0.09,0.08,0.42,0.23,0.0,0.83,0.03
1,0.0,0.0,0.65,0.0,0.0,0.0,0.0,0.1,0.03,0.38,0.29,0.0,0.75,0.03
1,0.0,0.0,0.65,0.0,0.0,0.0,0.0,0.05,0.02,0.39,0.25,0.0,0.61,0.0
1,0.0,0.0,0.63,0.0,0.0,0.0,0.0,0.02,0.07,0.36,0.33,0.0,0.5,0.0
1,0.0,0.0,0.62,0.0,0.0,0.0,0.0,0.0,0.1,0.37,0.38,0.0,0.43,0.0
1,0.0,0.0,0.61,0.0,0.0,0.0,0.0,0.02,0.14,0.38,0.41,0.0,0.47,0.0
1,0.0,0.0,0.64,0.0,0.0,0.0,0.0,0.02,0.09,0.38,0.33,0.0,0.54,0.0
1,0.0,0.0,0.63,0.0,0.0,0.0,0.0,0.03,0.08,0.37,0.27,0.0,0.6,0.0
1,0.0,0.0,0.65,0.0,0.0,0.0,0.0,0.05,0.02,0.34,0.2,0.0,0.68,0.0
1,0.0,0.0,0.6,0.0,0.0,0.0,0.0,0.06,0.02,0.25,0.2,0.0,0.67,0.0
1,0.03,0.0,0.51,0.0,0.0,0.0,0.0,0.07,0.21,0.14,0.13,0.0,0.86,0.0
1,0.03,0.0,0.38,0.0,0.0,0.0,0.0,0.04,0.34,0.02,0.06,0.0,0.86,0.0
1,0.03,0.0,0.31,0.0,0.02,0.0,0.0,0.02,0.51,0.0,0.01,0.0,0.87,0.03
1,0.0,0.0,0.19,0.0,0.02,0.0,0.0,0.0,0.43,0.0,0.02,0.0,0.69,0.11
1,0.0,0.0,0.17,0.0,0.05,0.0,0.0,0.0,0.4,0.0,0.05,0.0,0.69,0.26
1,0.0,0.0,0.06,0.0,0.03,0.0,0.0,0.0,0.35,0.0,0.15,0.0,0.75,0.4
1,0.0,0.0,0.07,0.0,0.03,0.0,0.0,0.01,0.32,0.0,0.26,0.0,0.74,0.39
1,0.0,0.0,0.01,0.0,0.0,0.0,0.0,0.02,0.35,0.0,0.29,0.0,0.79,0.4
1,0.0,0.0,0.06,0.0,0.0,0.0,0.0,0.02,0.37,0.0,0.3,0.0,0.78,0.39
1,0.0,0.0,0.05,0.0,0.0,0.0,0.0,0.02,0.37,0.0,0.26,0.0,0.83,0.46
1,0.0,0.0,0.1,0.0,0.0,0.0,0.0,0.01,0.4,0.0,0.26,0.0,0.75,0.42
1,0.0,0.0,0.05,0.0,0.0,0.0,0.0,0.03,0.39,0.0,0.2,0.0,0.73,0.37
1,0.05,0.0,0.36,0.0,0.07,0.07,0.0,0.03,0.28,0.03,0.15,0.0,0.5,0.35
1,0.05,0.0,0.61,0.0,0.09,0.17,0.0,0.02,0.13,0.33,0.2,0.0,0.28,0.24
1,0.05,0.0,0.91,0.0,0.11,0.2,0.0,0.0,0.0,0.52,0.25,0.0,0.03,0.16
1,0.0,0.0,0.83,0.0,0.06,0.16,0.0,0.0,0.0,0.69,0.34,0.0,0.0,0.12
1,0.0,0.0,0.77,0.0,0.05,0.1,0.0,0.0,0.0,0.59,0.35,0.0,0.0,0.24
1,0.0,0.0,0.73,0.0,0.03,0.11,0.0,0.0,0.0,0.64,0.36,0.0,0.0,0.31
1,0.0,0.0,0.76,0.0,0.02,0.1,0.0,0.0,0.0,0.59,0.37,0.0,0.0,0.43
1,0.0,0.0,0.78,0.0,0.0,0.11,0.0,0.0,0.0,0.56,0.36,0.0,0.0,0.43
1,0.0,0.0,0.79,0.0,0.0,0.09,0.0,0.0,0.0,0.49,0.3,0.0,0.0,0.36
1,0.0,0.0,0.81,0.0,0.0,0.11,0.0,0.0,0.0,0.47,0.3,0.0,0.0,0.21
1,0.02,0.0,0.84,0.0,0.02,0.09,0.0,0.0,0.0,0.47,0.31,0.0,0.0,0.15
1,0.02,0.0,0.84,0.0,0.03,0.1,0.0,0.0,0.0,0.49,0.38,0.0,0.0,0.24
1,0.02,0.0,0.71,0.0,0.05,0.06,0.0,0.0,0.06,0.41,0.33,0.0,0.01,0.18
1,0.1,0.0,0.62,0.0,0.06,0.03,0.0,0.04,0.14,0.24,0.31,0.0,0.01,0.11
1,0.15,0.0,0.56,0.0,0.05,0.0,0.0,0.04,0.14,0.06,0.25,0.0,0.01,0.0
1,0.19,0.0,0.64,0.0,0.03,0.0,0.0,0.05,0.13,0.0,0.28,0.0,0.0,0.0
1,0.12,0.0,0.69,0.0,0.03,0.0,0.0,0.01,0.05,0.0,0.27,0.0,0.0,0.0
1,0.09,0.0,0.7,0.0,0.07,0.0,0.0,0.0,0.07,0.0,0.28,0.0,0.0,0.0
1,0.05,0.0,0.69,0.0,0.15,0.0,0.0,0.02,0.02,0.0,0.25,0.0,0.0,0.0
1,0.03,0.0,0.71,0.0,0.25,0.0,0.0,0.03,0.04,0.0,0.28,0.0,0.0,0.0
1,0.0,0.0,0.69,0.0,0.3,0.03,0.0,0.03,0.04,0.0,0.27,0.0,0.0,0.0
1,0.0,0.0,0.66,0.0,0.32,0.05,0.0,0.03,0.04,0.0,0.24,0.0,0.0,0.0
1,0.0,0.0,0.62,0.0,0.32,0.11,0.0,0.05,0.02,0.0,0.25,0.0,0.0,0.0
1,0.0,0.0,0.55,0.0,0.33,0.13,0.0,0.09,0.02,0.0,0.3,0.0,0.0,0.0
1,0.09,0.0,0.61,0.0,0.31,0.13,0.0,0.07,0.08,0.07,0.26,0.0,0.0,0.09
1,0.09,0.0,0.6,0.0,0.25,0.07,0.0,0.06,0.08,0.07,0.16,0.0,0.0,0.15
1,0.09,0.0,0.71,0.0,0.2,0.02,0.0,0.01,0.06,0.07,0.15,0.0,0.0,0.26
1,0.0,0.0,0.67,0.0,0.19,0.0,0.0,0.01,0.0,0.0,0.33,0.0,0.0,0.29
1,0.0,0.0,0.72,0.0,0.17,0.01,0.0,0.0,0.0,0.0,0.49,0.0,0.0,0.35
1,0.0,0.0,0.74,0.0,0.21,0.01,0.0,0.04,0.0,0.0,0.49,0.0,0.0,0.38
1,0.0,0.0,0.79,0.0,0.28,0.02,0.0,0.06,0.0,0.0,0.4,0.0,0.0,0.38
1,0.0,0.0,0.71,0.0,0.32,0.0,0.0,0.1,0.0,0.01,0.35,0.0,0.0,0.43
1,0.0,0.0,0.64,0.0,0.34,0.0,0.0,0.06,0.0,0.01,0.38,0.0,0.0,0.4
1,0.0,0.0,0.61,0.0,0.35,0.0,0.0,0.05,0.0,0.01,0.37,0.0,0.0,0.4
1,0.0,0.0,0.58,0.0,0.36,0.02,0.0,0.03,0.0,0.0,0.26,0.0,0.0,0.32
1,0.0,0.0,0.56,0.0,0.35,0.02,0.0,0.03,0.0,0.0,0.17,0.0,0.0,0.34
1,0.0,0.0,0.57,0.0,0.33,0.02,0.0,0.01,0.09,0.0,0.09,0.05,0.01,0.22
1,0.0,0.0,0.5,0.0,0.31,0.02,0.0,0.0,0.19,0.0,0.13,0.05,0.01,0.14
1,0.0,0.0,0.43,0.0,0.32,0.04,0.0,0.0,0.25,0.0,0.16,0.08,0.01,0.0
1,0.0,0.0,0.34,0.0,0.3,0.07,0.0,0.0,0.18,0.0,0.24,0.04,0.0,0.0
1,0.0,0.0,0.4,0.0,0.31,0.08,0.0,0.0,0.21,0.0,0.28,0.04,0.0,0.0
1,0.0,0.0,0.44,0.0,0.32,0.1,0.0,0.0,0.26,0.0,0.3,0.01,0.0,0.0
1,0.0,0.0,0.46,0.0,0.36,0.09,0.0,0.0,0.39,0.0,0.3,0.0,0.0,0.0
1,0.0,0.0,0.46,0.0,0.41,0.13,0.0,0.0,0.38,0.0,0.32,0.0,0.0,0.0
1,0.0,0.0,0.5,0.0,0.41,0.12,0.0,0.0,0.39,0.0,0.39,0.0,0.0,0.0
1,0.0,0.0,0.47,0.0,0.4,0.14,0.0,0.0,0.29,0.0,0.42,0.05,0.0,0.0
1,0.0,0.0,0.5,0.0,0.41,0.18,0.0,0.0,0.27,0.0,0.41,0.13,0.0,0.0
1,0.0,0.0,0.54,0.0,0.41,0.24,0.0,0.0,0.23,0.0,0.34,0.17,0.0,0.0
1,0.0,0.07,0.62,0.0,0.39,0.29,0.0,0.04,0.34,0.0,0.42,0.17,0.05,0.01
1,0.06,0.1,0.63,0.0,0.35,0.26,0.0,0.05,0.46,0.0,0.5,0.09,0.06,0.05
1,0.11,0.12,0.61,0.0,0.32,0.19,0.0,0.06,0.56,0.0,0.59,0.05,0.09,0.12
1,0.14,0.09,0.65,0.0,0.32,0.16,0.0,0.02,0.57,0.0,0.6,0.01,0.07,0.18
1,0.11,0.06,0.66,0.0,0.28,0.1,0.0,0.02,0.47,0.0,0.54,0.04,0.1,0.18
1,0.08,0.04,0.61,0.0,0.21,0.07,0.0,0.0,0.39,0.0,0.52,0.06,0.11,0.18
1,0.09,0.0,0.52,0.0,0.16,0.0,0.0,0.0,0.38,0.0,0.53,0.08,0.07,0.26
1,0.12,0.0,0.48,0.0,0.19,0.01,0.0,0.0,0.43,0.0,0.6,0.05,0.09,0.28
1,0.17,0.0,0.45,0.0,0.19,0.02,0.0,0.0,0.51,0.0,0.63,0.09,0.12,0.29
1,0.22,0.0,0.4,0.0,0.19,0.02,0.0,0.0,0.49,0.01,0.65,0.05,0.17,0.24
1,0.23,0.01,0.36,0.0,0.16,0.05,0.0,0.0,0.51,0.01,0.63,0.14,0.21,0.25
1,0.21,0.03,0.39,0.0,0.2,0.07,0.0,0.0,0.48,0.02,0.66,0.1,0.25,0.28
1,0.24,0.03,0.52,0.06,0.14,0.07,0.0,0.0,0.38,0.01,0.47,0.16,0.26,0.19
1,0.37,0.12,0.53,0.06,0.08,0.03,0.0,0.0,0.21,0.02,0.27,0.23,0.21,0.11
1,0.48,0.23,0.53,0.06,0.0,0.01,0.0,0.0,0.06,0.01,0.07,0.33,0.12,0.0
1,0.44,0.23,0.55,0.0,0.0,0.02,0.0,0.0,0.01,0.01,0.03,0.34,0.05,0.0
1,0.22,0.13,0.54,0.0,0.0,0.04,0.0,0.0,0.0,0.0,0.04,0.28,0.01,0.0
1,0.07,0.01,0.56,0.0,0.01,0.04,0.0,0.0,0.0,0.0,0.04,0.28,0.0,0.0
1,0.05,0.07,0.41,0.0,0.01,0.04,0.0,0.0,0.0,0.0,0.11,0.33,0.0,0.0
1,0.17,0.16,0.43,0.0,0.01,0.02,0.0,0.0,0.0,0.0,0.18,0.33,0.0,0.0
1,0.34,0.33,0.42,0.03,0.0,0.0,0.0,0.0,0.0,0.0,0.22,0.33,0.0,0.0
1,0.51,0.49,0.5,0.09,0.0,0.0,0.0,0.0,0.0,0.0,0.2,0.36,0.0,0.0
