 success, AU01_r, AU02_r, AU04_r, AU05_r, AU06_r, AU09_r, AU10_r, AU12_r, AU14_r, AU15_r, AU17_r, AU20_r, AU25_r, AU26_r
1,0.0,0.15,0.0,0.06,0.0,0.0,0.0,0.0,0.05,1.33,1.41,0.0,0.0,0.0
1,0.0,0.06,0.0,0.02,0.0,0.0,0.0,0.08,0.21,1.32,1.85,0.0,0.0,0.0
1,0.0,0.01,0.0,0.0,0.0,0.0,0.0,0.1,0.4,1.24,2.14,0.0,0.01,0.0
1,0.0,0.06,0.0,0.0,0.0,0.0,0.0,0.12,0.58,1.05,2.11,0.0,0.01,0.0
1,0.0,0.06,0.0,0.0,0.0,0.0,0.0,0.07,0.62,0.97,1.98,0.0,0.01,0.0
1,0.0,0.06,0.0,0.0,0.0,0.0,0.0,0.12,0.67,1.06,1.7,0.0,0.0,0.0
1,0.0,0.0,0.0,0.0,0.0,0.0,0.0,0.1,0.64,1.06,1.53,0.0,0.0,0.0
1,0.0,0.39,0.0,0.0,0.0,0.0,0.0,0.09,0.67,1.0,1.42,0.0,0.0,0.0
1,0.0,0.58,0.0,0.0,0.0,0.0,0.0,0.05,0.72,0.77,1.47,0.0,0.0,0.0
1,0.02,0.7,0.0,0.0,0.0,0.0,0.0,0.02,0.74,0.58,1.4,0.0,0.05,0.0
1,0.02,0.32,0.0,0.0,0.0,0.0,0.0,0.02,0.61,0.53,1.29,0.0,0.05,0.18
1,0.02,0.13,0.0,0.0,0.0,0.0,0.0,0.0,0.35,0.3,1.05,0.0,0.22,0.18
1,0.0,0.01,0.0,0.0,0.0,0.0,0.0,0.0,0.19,0.14,1.0,0.0,0.34,0.21
1,0.0,0.0,0.0,0.0,0.0,0.0,0.0,0.0,0.05,0.0,0.94,0.0,0.49,0.03
1,0.0,0.0,0.0,0.0,0.0,0.0,0.0,0.0,0.02,0.0,0.89,0.07,0.4,0.03
1,0.0,0.0,0.0,0.0,0.0,0.0,0.0,0.0,0.02,0.0,0.79,0.07,0.33,0.0
1,0.0,0.0,0.0,0.0,0.0,0.0,0.0,0.0,0.04,0.0,0.73,0.07,0.24,0.02
1,0.0,0.0,0.0,0.0,0.0,0.0,0.0,0.0,0.1,0.0,0.68,0.0,0.24,0.02
1,0.0,0.0,0.0,0.0,0.0,0.0,0.0,0.0,0.1,0.0,0.62,0.0,0.19,0.09
1,0.0,0.0,0.0,0.0,0.0,0.0,0.0,0.0,0.08,0.0,0.54,0.0,0.22,0.08
1,0.0,0.0,0.0,0.0,0.0,0.0,0.0,0.0,0.07,0.0,0.49,0.0,0.23,0.07
1,0.0,0.0,0.0,0.0,0.0,0.0,0.0,0.0,0.14,0.0,0.5,0.0,0.18,0.0
1,0.0,0.0,0.0,0.0,0.0,0.0,0.0,0.0,0.18,0.01,0.54,0.0,0.09,0.0
1,0.0,0.0,0.0,0.0,0.0,0.0,0.0,0.0,0.12,0.01,0.59,0.01,0.1,0.16
1,0.0,0.0,0.0,0.0,0.0,0.0,0.0,0.0,0.05,0.01,0.72,0.01,0.13,0.33
1,0.0,0.0,0.0,0.0,0.0,0.0,0.0,0.0,0.0,0.0,0.84,0.01,0.23,0.57
1,0.0,0.0,0.0,0.0,0.0,0.0,0.0,0.0,0.0,0.0,0.91,0.18,0.22,0.5
1,0.0,0.0,0.0,0.0,0.0,0.0,0.0,0.0,0.0,0.04,0.75,0.3,0.19,0.62
1,0.09,0.0,0.0,0.0,0.0,0.0,0.0,0.0,0.02,0.04,0.74,0.3,0.2,0.6
1,0.09,0.0,0.0,0.0,0.0,0.0,0.0,0.0,0.03,0.08,0.72,0.26,0.17,0.52
1,0.09,0.0,0.0,0.0,0.0,0.0,0.0,0.0,0.05,0.19,0.79,0.27,0.17,0.41
1,0.05,0.0,0.0,0.0,0.0,0.0,0.0,0.0,0.09,0.19,0.75,0.27,0.25,0.24
1,0.15,0.0,0.0,0.0,0.0,0.0,0.0,0.0,0.09,0.15,0.71,0.16,0.23,0.3
1,0.16,0.0,0.0,0.0,0.0,0.0,0.0,0.0,0.17,0.01,0.76,0.13,0.35,0.18
1,0.2,0.0,0.0,0.0,0.0,0.0,0.0,0.0,0.22,0.08,0.8,0.2,0.23,0.29
1,0.11,0.0,0.0,0.0,0.0,0.0,0.0,0.0,0.37,0.08,0.86,0.17,0.23,0.23
1,0.09,0.0,0.0,0.0,0.0,0.0,0.0,0.0,0.44,0.08,0.87,0.07,0.1,0.17
1,0.0,0.0,0.0,0.07,0.0,0.0,0.0,0.0,0.38,0.0,0.87,0.0,0.04,0.0
1,0.0,0.0,0.0,0.07,0.0,0.0,0.0,0.0,0.35,0.0,0.81,0.03,0.0,0.0
1,0.0,0.0,0.0,0.07,0.0,0.0,0.0,0.0,0.34,0.0,0.86,0.03,0.0,0.0
1,0.0,0.0,0.0,0.0,0.0,0.0,0.0,0.0,0.36,0.0,0.78,0.04,0.0,0.0
1,0.0,0.0,0.0,0.0,0.0,0.0,0.0,0.0,0.37,0.0,0.92,0.01,0.0,0.0
1,0.0,0.0,0.0,0.0,0.0,0.0,0.0,0.0,0.33,0.0,0.85,0.01,0.0,0.0
1,0.0,0.0,0.0,0.0,0.0,0.0,0.0,0.0,0.33,0.0,1.0,0.0,0.0,0.0
1,0.0,0.0,0.0,0.0,0.0,0.0,0.0,0.0,0.29,0.0,0.95,0.0,0.0,0.0
1,0.0,0.0,0.0,0.0,0.0,0.0,0.0,0.0,0.32,0.0,1.04,0.0,0.0,0.0
1,0.0,0.0,0.0,0.0,0.0,0.0,0.0,0.0,0.37,0.0,1.04,0.0,0.0,0.0
1,0.0,0.0,0.0,0.0,0.0,0.0,0.0,0.0,0.43,0.0,0.99,0.0,0.1,0.22
1,0.0,0.0,0.0,0.0,0.0,0.0,0.0,0.0,0.43,0.0,0.91,0.0,0.24,0.43
1,0.0,0.0,0.0,0.0,0.0,0.0,0.0,0.0,0.38,0.0,0.83,0.0,0.36,0.59
1,0.0,0.0,0.0,0.0,0.0,0.0,0.0,0.0,0.34,0.0,0.85,0.0,0.39,0.55
1,0.0,0.0,0.0,0.0,0.0,0.0,0.0,0.0,0.29,0.0,0.86,0.0,0.42,0.47
1,0.0,0.0,0.0,0.0,0.0,0.02,0.0,0.0,0.27,0.0,0.83,0.0,0.49,0.44
1,0.0,0.0,0.0,0.0,0.0,0.02,0.0,0.0,0.2,0.0,0.82,0.0,0.57,0.34
1,0.0,0.0,0.0,0.0,0.0,0.02,0.0,0.0,0.28,0.0,0.94,0.0,0.55,0.42
1,0.0,0.0,0.0,0.0,0.0,0.0,0.0,0.0,0.28,0.0,0.96,0.0,0.62,0.54
1,0.0,0.0,0.0,0.0,0.0,0.0,0.0,0.0,0.35,0.0,1.03,0.0,0.63,0.69
1,0.0,0.0,0.0,0.0,0.0,0.0,0.0,0.0,0.24,0.0,1.05,0.0,0.62,0.79
1,0.0,0.0,0.04,0.0,0.0,0.0,0.0,0.0,0.3,0.0,1.11,0.0,0.5,0.84
1,0.0,0.0,0.04,0.0,0.0,0.0,0.0,0.0,0.15,0.03,0.89,0.28,0.62,0.81
1,0.0,0.0,0.04,0.0,0.0,0.0,0.0,0.0,0.1,0.26,0.62,0.74,0.77,0.73
1,0.0,0.0,0.0,0.0,0.0,0.0,0.0,0.0,0.0,0.26,0.5,1.03,0.93,0.74
1,0.0,0.0,0.0,0.0,0.0,0.0,0.0,0.0,0.0,0.31,0.51,1.13,0.9,0.76
1,0.0,0.0,0.0,0.0,0.0,0.0,0.0,0.0,0.0,0.08,0.64,0.72,1.13,0.76
1,0.0,0.0,0.0,0.0,0.0,0.0,0.0,0.0,0.0,0.2,0.68,0.78,1.4,0.64
1,0.0,0.0,0.0,0.0,0.0,0.0,0.0,0.0,0.0,0.33,0.73,0.66,1.64,0.75
1,0.0,0.0,0.0,0.0,0.0,0.0,0.0,0.0,0.0,0.61,0.69,0.89,1.57,0.67
1,0.21,0.25,0.0,0.0,0.0,0.0,0.0,0.0,0.0,0.78,0.59,0.61,1.39,0.49
1,0.33,0.38,0.07,0.0,0.0,0.0,0.0,0.0,0.0,0.98,0.66,0.35,1.19,0.17
1,0.33,0.38,0.07,0.0,0.0,0.0,0.0,0.0,0.0,0.93,0.67,0.13,0.98,0.02
1,0.12,0.13,0.1,0.0,0.0,0.0,0.0,0.0,0.0,0.8,0.94,0.06,0.83,0.02
1,0.0,0.0,0.03,0.0,0.0,0.0,0.0,0.0,0.0,0.63,1.24,0.05,0.64,0.16
1,0.0,0.0,0.06,0.0,0.0,0.0,0.0,0.0,0.0,0.53,1.47,0.04,0.71,0.39
1,0.0,0.0,0.06,0.0,0.0,0.0,0.0,0.0,0.0,0.42,1.36,0.16,0.99,0.66
1,0.0,0.01,0.25,0.0,0.0,0.0,0.0,0.0,0.07,0.2,1.28,0.16,1.13,0.81
1,0.0,0.01,0.44,0.1,0.0,0.0,0.0,0.0,0.17,0.06,1.32,0.12,1.04,0.97
1,0.05,0.01,0.56,0.12,0.0,0.0,0.0,0.0,0.25,0.17,1.67,0.04,0.74,1.45
1,0.32,0.18,0.5,0.12,0.0,0.0,0.0,0.0,0.26,0.28,1.76,0.13,0.81,1.79
1,0.77,0.62,0.34,0.02,0.0,0.0,0.0,0.0,0.33,0.3,1.84,0.13,0.96,1.79
1,1.14,0.83,0.19,0.0,0.0,0.0,0.0,0.0,0.4,0.14,1.82,0.09,0.87,1.32
1,1.07,0.71,0.18,0.0,0.0,0.0,0.0,0.0,0.48,0.02,1.81,0.0,0.56,0.91
1,0.76,0.4,0.11,0.0,0.0,0.0,0.0,0.0,0.45,0.0,1.82,0.0,0.22,0.67
1,0.52,0.35,0.19,0.0,0.0,0.0,0.0,0.0,0.31,0.03,1.9,0.0,0.28,0.78
1,0.33,0.29,0.08,0.0,0.0,0.0,0.0,0.0,0.18,0.15,1.96,0.0,0.46,0.94
1,0.19,0.17,0.08,0.0,0.0,0.0,0.0,0.0,0.15,0.29,1.89,0.0,0.66,1.19
1,0.0,0.0,0.0,0.0,0.0,0.0,0.01,0.0,0.29,0.31,1.76,0.0,0.79,1.38
1,0.02,0.15,0.0,0.0,0.0,0.02,0.01,0.0,0.28,0.3,1.74,0.0,0.79,1.4
1,0.15,0.31,0.0,0.0,0.0,0.02,0.01,0.0,0.44,0.38,1.92,0.05,0.97,1.45
1,0.34,0.43,0.0,0.0,0.0,0.02,0.0,0.0,0.52,0.4,1.96,0.05,0.86,1.33
1,0.33,0.28,0.0,0.0,0.0,0.0,0.0,0.0,0.66,0.42,1.9,0.05,0.92,1.4
1,0.2,0.12,0.0,0.0,0.0,0.0,0.0,0.0,0.47,0.24,1.64,0.08,0.73,1.39
1,0.0,0.0,0.08,0.0,0.0,0.0,0.0,0.0,0.4,0.24,1.45,0.13,0.61,1.33
1,0.0,0.0,0.21,0.0,0.0,0.0,0.0,0.0,0.44,0.18,1.26,0.13,0.44,1.23
1,0.0,0.0,0.21,0.0,0.0,0.0,0.0,0.0,0.55,0.14,1.23,0.05,0.24,1.17
1,0.0,0.0,0.24,0.0,0.0,0.0,0.0,0.0,0.37,0.1,1.18,0.01,0.15,1.33
1,0.0,0.0,0.26,0.0,0.0,0.0,0.0,0.0,0.18,0.26,1.15,0.21,0.07,1.53
1,0.0,0.0,0.29,0.0,0.0,0.0,0.0,0.0,0.0,0.58,1.0,0.57,0.03,1.72
1,0.0,0.0,0.36,0.0,0.0,0.0,0.0,0.0,0.0,1.05,0.81,0.92,0.02,1.77
1,0.0,0.0,0.24,0.0,0.0,0.0,0.0,0.0,0.0,1.27,0.53,1.1,0.0,1.73
1,0.0,0.0,0.36,0.0,0.0,0.0,0.0,0.0,0.0,1.4,0.42,1.15,0.0,1.81
1,0.0,0.0,0.35,0.0,0.0,0.0,0.0,0.0,0.0,1.4,0.26,1.33,0.0,1.7
1,0.0,0.0,0.56,0.0,0.0,0.0,0.0,0.0,0.0,1.57,0.25,1.65,0.0,1.6
1,0.0,0.0,0.71,0.0,0.0,0.0,0.0,0.0,0.0,1.5,0.11,1.96,0.0,1.54
1,0.0,0.07,0.54,0.0,0.0,0.12,0.0,0.0,0.08,0.99,0.52,1.42,0.0,1.32
1,0.0,0.23,0.31,0.0,0.0,0.24,0.0,0.0,0.16,0.39,0.87,0.72,0.0,1.03
1,0.0,0.32,0.0,0.0,0.0,0.36,0.0,0.0,0.31,0.0,0.98,0.0,0.02,0.46
1,0.27,0.56,0.0,0.0,0.0,0.34,0.0,0.0,0.29,0.0,0.91,0.0,0.02,0.2
1,0.3,0.4,0.0,0.07,0.0,0.22,0.0,0.0,0.44,0.03,0.79,0.28,0.2,0.08
1,0.3,0.31,0.0,0.07,0.0,0.1,0.0,0.0,0.51,0.13,0.87,0.28,0.37,0.07
1,0.04,0.0,0.0,0.07,0.0,0.11,0.01,0.03,0.68,0.23,0.7,0.42,0.44,0.07
1,0.08,0.0,0.0,0.0,0.06,0.11,0.08,0.16,0.84,0.46,0.82,0.14,0.47,0.25
1,0.42,0.0,0.1,0.0,0.06,0.14,0.08,0.19,0.85,0.47,0.95,0.14,0.54,0.62
1,0.57,0.0,0.1,0.0,0.06,0.07,0.06,0.18,0.89,0.51,1.15,0.0,0.73,0.92
1,0.56,0.0,0.1,0.0,0.0,0.07,0.0,0.06,0.75,0.47,0.96,0.0,0.84,0.78
1,0.27,0.0,0.02,0.0,0.0,0.05,0.02,0.03,0.78,0.55,0.98,0.0,0.9,0.5
1,0.11,0.0,0.02,0.0,0.0,0.1,0.02,0.02,0.73,0.43,0.85,0.0,0.9,0.33
1,0.08,0.0,0.29,0.0,0.0,0.1,0.03,0.0,0.84,0.39,1.02,0.1,0.8,0.23
1,0.14,0.14,0.44,0.0,0.0,0.1,0.01,0.0,0.79,0.36,1.08,0.26,0.66,0.26
1,0.4,0.27,0.58,0.03,0.0,0.01,0.01,0.02,0.68,0.45,1.16,0.6,0.61,0.13
1,0.57,0.27,0.61,0.09,0.0,0.01,0.0,0.02,0.41,0.29,0.89,0.67,0.39,0.12
1,0.71,0.31,0.68,0.09,0.0,0.01,0.0,0.02,0.31,0.13,0.62,0.65,0.28,0.02
1,0.71,0.36,0.67,0.05,0.0,0.02,0.0,0.0,0.36,0.0,0.41,0.47,0.11,0.05
1,0.77,0.56,0.53,0.0,0.0,0.01,0.0,0.0,0.4,0.0,0.48,0.3,0.16,0.05
1,0.77,0.52,0.32,0.0,0.0,0.01,0.0,0.01,0.48,0.0,0.58,0.16,0.19,0.03
1,0.74,0.59,0.26,0.0,0.0,0.0,0.0,0.01,0.41,0.04,0.66,0.0,0.26,0.0
1,0.76,0.67,0.26,0.0,0.0,0.0,0.0,0.01,0.34,0.04,0.71,0.0,0.3,0.0
1,0.66,0.71,0.4,0.0,0.0,0.07,0.0,0.0,0.39,0.04,0.57,0.01,0.26,0.0
1,0.51,0.67,0.45,0.0,0.0,0.08,0.0,0.0,0.55,0.05,0.53,0.01,0.21,0.0
1,0.36,0.52,0.42,0.0,0.0,0.08,0.0,0.0,0.84,0.18,0.47,0.01,0.25,0.0
1,0.37,0.44,0.48,0.0,0.0,0.01,0.0,0.0,0.87,0.26,0.5,0.07,0.32,0.0
1,0.46,0.38,0.46,0.0,0.0,0.0,0.0,0.0,0.81,0.33,0.47,0.07,0.4,0.0
1,0.55,0.51,0.33,0.0,0.0,0.0,0.0,0.03,0.56,0.33,0.45,0.15,0.31,0.0
1,0.55,0.55,0.14,0.0,0.0,0.06,0.0,0.05,0.36,0.44,0.47,0.11,0.2,0.0
1,0.59,0.63,0.08,0.0,0.0,0.09,0.0,0.08,0.24,0.55,0.51,0.11,0.03,0.0
1,0.52,0.51,0.1,0.0,0.0,0.15,0.0,0.08,0.17,0.6,0.59,0.03,0.0,0.0
1,0.58,0.58,0.14,0.0,0.0,0.09,0.0,0.12,0.16,0.55,0.68,0.0,0.02,0.0
1,0.57,0.6,0.11,0.0,0.0,0.06,0.0,0.13,0.09,0.46,0.67,0.0,0.06,0.0
1,0.55,0.68,0.13,0.0,0.0,0.03,0.0,0.12,0.04,0.43,0.66,0.0,0.14,0.0
1,0.49,0.7,0.17,0.0,0.0,0.05,0.0,0.09,0.0,0.34,0.56,0.0,0.21,0.0
1,0.57,0.75,0.37,0.0,0.0,0.14,0.0,0.11,0.05,0.25,0.45,0.0,0.28,0.0
1,0.56,0.62,0.57,0.0,0.0,0.25,0.0,0.13,0.05,0.17,0.36,0.0,0.25,0.0
1,0.61,0.5,0.55,0.0,0.0,0.34,0.0,0.1,0.05,0.18,0.32,0.0,0.27,0.0
1,0.54,0.29,0.47,0.07,0.0,0.38,0.0,0.04,0.08,0.27,0.38,0.0,0.27,0.0
1,0.43,0.21,0.49,0.07,0.0,0.23,0.0,0.15,0.24,0.2,0.38,0.0,0.27,0.0
1,0.28,0.09,0.64,0.07,0.0,0.13,0.0,0.31,0.35,0.23,0.32,0.0,0.28,0.0
1,0.16,0.0,0.71,0.0,0.0,0.0,0.0,0.42,0.38,0.26,0.26,0.0,0.31,0.01
1,0.13,0.0,0.68,0.0,0.0,0.03,0.0,0.39,0.31,0.32,0.14,0.0,0.35,0.01
1,0.19,0.0,0.69,0.0,0.0,0.09,0.0,0.39,0.34,0.23,0.11,0.0,0.38,0.01
1,0.12,0.0,0.68,0.0,0.0,0.11,0.0,0.39,0.29,0.16,0.09,0.0,0.37,0.0
1,0.13,0.0,0.67,0.0,0.0,0.15,0.0,0.36,0.2,0.17,0.17,0.0,0.34,0.0
1,0.04,0.13,0.58,0.0,0.0,0.09,0.0,0.32,0.14,0.37,0.29,0.0,0.38,0.0
1,0.07,0.26,0.48,0.0,0.0,0.07,0.0,0.29,0.21,0.36,0.39,0.0,0.43,0.04
1,0.15,0.54,0.42,0.0,0.0,0.02,0.0,0.27,0.36,0.43,0.51,0.0,0.55,0.04
1,0.21,0.55,0.38,0.0,0.0,0.04,0.0,0.24,0.42,0.44,0.54,0.0,0.51,0.04
1,0.19,0.48,0.38,0.0,0.0,0.04,0.0,0.19,0.45,0.48,0.46,0.0,0.47,0.0
1,0.08,0.2,0.29,0.0,0.0,0.06,0.0,0.15,0.4,0.46,0.42,0.0,0.29,0.0
1,0.13,0.1,0.47,0.0,0.0,0.15,0.0,0.11,0.44,0.36,0.36,0.0,0.15,0.05
1,0.21,0.14,0.56,0.11,0.0,0.27,0.0,0.13,0.48,0.3,0.36,0.0,0.0,0.14
1,0.4,0.33,0.69,0.15,0.0,0.38,0.0,0.16,0.48,0.28,0.33,0.0,0.0,0.21
1,0.43,0.38,0.6,0.23,0.02,0.43,0.0,0.18,0.38,0.26,0.39,0.0,0.0,0.27
1,0.45,0.42,0.56,0.19,0.02,0.45,0.0,0.16,0.29,0.27,0.38,0.0,0.02,0.28
1,0.48,0.31,0.51,0.31,0.02,0.44,0.0,0.17,0.32,0.24,0.3,0.0,0.02,0.28
1,0.49,0.28,0.49,0.28,0.0,0.35,0.0,0.19,0.3,0.29,0.19,0.0,0.02,0.28
1,0.52,0.24,0.52,0.29,0.0,0.31,0.0,0.23,0.34,0.27,0.14,0.0,0.0,0.26
1,0.46,0.28,0.56,0.21,0.0,0.26,0.0,0.27,0.32,0.35,0.14,0.0,0.0,0.32
1,0.44,0.28,0.53,0.16,0.0,0.3,0.0,0.27,0.34,0.34,0.11,0.0,0.01,0.22
1,0.42,0.31,0.53,0.07,0.0,0.31,0.0,0.25,0.22,0.33,0.08,0.0,0.04,0.14
1,0.26,0.17,0.35,0.0,0.0,0.22,0.0,0.22,0.22,0.42,0.03,0.01,0.16,0.0
1,0.13,0.13,0.25,0.0,0.0,0.11,0.0,0.15,0.3,0.55,0.01,0.01,0.22,0.0
1,0.0,0.02,0.12,0.0,0.0,0.02,0.0,0.08,0.52,0.8,0.03,0.01,0.19,0.0
1,0.0,0.14,0.31,0.0,0.0,0.08,0.0,0.0,0.63,0.8,0.04,0.0,0.07,0.01
1,0.01,0.29,0.4,0.0,0.0,0.08,0.0,0.0,0.63,0.76,0.04,0.0,0.08,0.01
1,0.04,0.47,0.5,0.0,0.0,0.06,0.0,0.0,0.59,0.69,0.01,0.0,0.13,0.02
1,0.07,0.54,0.44,0.0,0.0,0.05,0.0,0.0,0.55,0.63,0.0,0.0,0.18,0.01
1,0.08,0.55,0.38,0.0,0.0,0.07,0.0,0.0,0.51,0.59,0.0,0.0,0.17,0.01
1,0.05,0.43,0.23,0.0,0.0,0.07,0.0,0.0,0.42,0.5,0.0,0.0,0.13,0.0
1,0.06,0.25,0.23,0.0,0.0,0.06,0.0,0.0,0.4,0.48,0.0,0.0,0.15,0.0
1,0.06,0.1,0.22,0.0,0.0,0.06,0.0,0.0,0.32,0.47,0.0,0.0,0.08,0.0
1,0.06,0.1,0.31,0.0,0.0,0.06,0.0,0.03,0.29,0.46,0.0,0.0,0.16,0.0
1,0.02,0.09,0.3,0.0,0.0,0.01,0.0,0.12,0.34,0.44,0.21,0.0,0.09,0.01
1,0.0,0.08,0.41,0.0,0.0,0.05,0.0,0.15,0.45,0.36,0.47,0.06,0.09,0.01
1,0.0,0.0,0.41,0.0,0.0,0.13,0.0,0.15,0.5,0.28,0.64,0.09,0.05,0.01
1,0.0,0.0,0.44,0.01,0.0,0.16,0.0,0.11,0.47,0.16,0.63,0.09,0.11,0.03
1,0.0,0.0,0.49,0.01,0.0,0.14,0.0,0.11,0.54,0.13,0.51,0.04,0.23,0.03
1,0.0,0.0,0.58,0.01,0.0,0.06,0.0,0.14,0.64,0.12,0.53,0.0,0.4,0.03
1,0.0,0.0,0.64,0.0,0.0,0.03,0.0,0.12,0.65,0.16,0.51,0.0,0.55,0.0
1,0.0,0.0,0.61,0.0,0.02,0.0,0.0,0.17,0.67,0.24,0.52,0.08,0.61,0.0
1,0.0,0.0,0.64,0.0,0.02,0.0,0.0,0.23,0.69,0.31,0.5,0.21,0.54,0.0
1,0.0,0.0,0.66,0.0,0.02,0.0,0.0,0.33,0.78,0.3,0.53,0.33,0.41,0.0
1,0.0,0.0,0.68,0.0,0.03,0.0,0.0,0.39,0.86,0.26,0.51,0.4,0.35,0.06
1,0.0,0.0,0.7,0.0,0.04,0.0,0.0,0.44,0.89,0.26,0.49,0.41,0.37,0.06
1,0.02,0.0,0.57,0.0,0.03,0.0,0.0,0.34,0.69,0.2,0.32,0.31,0.44,0.11
1,0.05,0.0,0.56,0.0,0.01,0.07,0.0,0.23,0.44,0.11,0.19,0.15,0.55,0.25
1,0.05,0.04,0.49,0.0,0.0,0.14,0.0,0.12,0.26,0.0,0.04,0.02,0.61,0.48
1,0.09,0.31,0.45,0.0,0.0,0.31,0.0,0.14,0.33,0.0,0.0,0.0,0.59,0.54
1,0.12,0.79,0.33,0.0,0.0,0.29,0.0,0.15,0.36,0.01,0.0,0.01,0.47,0.41
1,0.13,0.99,0.39,0.0,0.0,0.37,0.0,0.17,0.41,0.01,0.0,0.06,0.36,0.27
1,0.11,1.08,0.51,0.0,0.0,0.28,0.0,0.14,0.33,0.01,0.0,0.06,0.32,0.25
1,0.05,0.8,0.53,0.0,0.0,0.26,0.0,0.1,0.46,0.0,0.0,0.05,0.33,0.27
1,0.04,0.71,0.46,0.0,0.0,0.27,0.0,0.05,0.45,0.0,0.06,0.0,0.28,0.25
1,0.02,0.41,0.34,0.0,0.0,0.21,0.0,0.09,0.46,0.0,0.11,0.07,0.31,0.16
1,0.02,0.3,0.27,0.0,0.03,0.2,0.0,0.1,0.41,0.0,0.2,0.2,0.26,0.11
1,0.02,0.41,0.26,0.0,0.03,0.11,0.0,0.08,0.5,0.0,0.22,0.2,0.37,0.04
1,0.06,0.36,0.26,0.0,0.08,0.1,0.0,0.12,0.58,0.09,0.21,0.14,0.4,0.04
1,0.06,0.26,0.21,0.0,0.07,0.06,0.0,0.13,0.56,0.09,0.11,0.06,0.32,0.0
1,0.06,0.0,0.07,0.0,0.09,0.0,0.0,0.2,0.63,0.09,0.09,0.08,0.17,0.0
1,0.0,0.0,0.02,0.0,0.12,0.0,0.0,0.19,0.69,0.06,0.06,0.07,0.05,0.0
1,0.0,0.0,0.03,0.0,0.13,0.0,0.0,0.2,0.77,0.17,0.14,0.03,0.05,0.03
1,0.0,0.0,0.11,0.0,0.13,0.0,0.0,0.14,0.74,0.18,0.17,0.04,0.04,0.03
1,0.0,0.0,0.09,0.0,0.09,0.0,0.0,0.07,0.78,0.11,0.27,0.08,0.11,0.03
1,0.0,0.0,0.08,0.0,0.16,0.0,0.0,0.08,0.81,0.0,0.26,0.07,0.14,0.0
1,0.0,0.0,0.0,0.0,0.12,0.0,0.0,0.08,0.67,0.0,0.3,0.04,0.19,0.0
1,0.0,0.0,0.0,0.0,0.1,0.0,0.0,0.16,0.58,0.0,0.25,0.0,0.09,0.0
1,0.0,0.0,0.0,0.0,0.0,0.0,0.0,0.13,0.39,0.0,0.18,0.0,0.16,0.0
1,0.0,0.0,0.0,0.0,0.0,0.0,0.0,0.19,0.32,0.0,0.08,0.0,0.17,0.08
1,0.08,0.0,0.0,0.0,0.0,0.06,0.0,0.09,0.14,0.0,0.22,0.26,0.17,0.08
1,0.18,0.0,0.0,0.0,0.0,0.07,0.0,0.08,0.11,0.0,0.4,0.35,0.08,0.08
1,0.33,0.0,0.0,0.0,0.0,0.07,0.0,0.05,0.06,0.0,0.56,0.41,0.0,0.0
1,0.33,0.0,0.0,0.0,0.0,0.01,0.0,0.05,0.06,0.0,0.52,0.2,0.0,0.0
1,0.28,0.0,0.0,0.01,0.0,0.0,0.0,0.03,0.0,0.0,0.47,0.16,0.0,0.0
1,0.29,0.02,0.0,0.01,0.0,0.0,0.0,0.03,0.0,0.0,0.46,0.14,0.0,0.0
1,0.32,0.02,0.0,0.01,0.0,0.0,0.0,0.03,0.0,0.0,0.44,0.08,0.0,0.0
1,0.51,0.04,0.0,0.0,0.01,0.01,0.0,0.07,0.0,0.0,0.43,0.04,0.0,0.0
1,0.47,0.02,0.0,0.0,0.02,0.01,0.0,0.07,0.0,0.0,0.36,0.03,0.0,0.0
1,0.42,0.02,0.0,0.0,0.02,0.01,0.0,0.09,0.02,0.0,0.3,0.05,0.0,0.0
1,0.3,0.0,0.0,0.0,0.01,0.0,0.0,0.08,0.02,0.0,0.31,0.07,0.0,0.0
1,0.29,0.0,0.0,0.0,0.0,0.0,0.0,0.06,0.05,0.0,0.39,0.06,0.0,0.0
1,0.3,0.0,0.0,0.0,0.0,0.0,0.0,0.09,0.16,0.0,0.37,0.05,0.0,0.24
1,0.31,0.0,0.0,0.0,0.0,0.02,0.0,0.12,0.25,0.06,0.31,0.02,0.0,0.4
1,0.28,0.0,0.0,0.0,0.0,0.04,0.0,0.14,0.34,0.1,0.14,0.0,0.0,0.61
1,0.31,0.0,0.0,0.0,0.0,0.08,0.0,0.15,0.36,0.1,0.12,0.0,0.01,0.55
1,0.32,0.0,0.0,0.0,0.0,0.14,0.0,0.16,0.34,0.03,0.06,0.0,0.06,0.57
1,0.32,0.0,0.0,0.0,0.0,0.24,0.0,0.18,0.37,0.0,0.07,0.0,0.08,0.56
1,0.27,0.0,0.0,0.0,0.0,0.24,0.0,0.18,0.33,0.0,0.01,0.0,0.08,0.57
1,0.34,0.05,0.0,0.0,0.0,0.23,0.0,0.2,0.37,0.0,0.04,0.0,0.05,0.55
1,0.44,0.1,0.0,0.0,0.0,0.19,0.0,0.2,0.33,0.0,0.03,0.0,0.03,0.51
1,0.53,0.12,0.0,0.0,0.01,0.24,0.0,0.23,0.33,0.0,0.03,0.03,0.04,0.47
1,0.57,0.19,0.0,0.0,0.01,0.29,0.0,0.23,0.3,0.0,0.0,0.03,0.03,0.44
1,0.63,0.14,0.0,0.0,0.01,0.26,0.0,0.25,0.34,0.0,0.0,0.03,0.07,0.39
1,0.46,0.12,0.0,0.0,0.0,0.17,0.0,0.15,0.29,0.0,0.11,0.0,0.25,0.36
1,0.23,0.0,0.0,0.0,0.0,0.06,0.0,0.07,0.23,0.0,0.25,0.0,0.34,0.26
1,0.0,0.0,0.0,0.0,0.0,0.0,0.0,0.0,0.08,0.0,0.41,0.0,0.43,0.37
1,0.0,0.0,0.0,0.0,0.0,0.01,0.0,0.0,0.08,0.0,0.54,0.0,0.32,0.44
1,0.0,0.0,0.0,0.0,0.0,0.01,0.0,0.02,0.09,0.0,0.58,0.0,0.35,0.53
1,0.0,0.0,0.0,0.0,0.0,0.01,0.0,0.02,0.14,0.0,0.66,0.0,0.35,0.49
1,0.0,0.0,0.0,0.0,0.0,0.0,0.0,0.03,0.16,0.0,0.67,0.0,0.38,0.47
1,0.0,0.0,0.0,0.0,0.0,0.03,0.0,0.01,0.19,0.0,0.7,0.0,0.37,0.44
1,0.0,0.0,0.0,0.0,0.0,0.05,0.0,0.01,0.19,0.0,0.68,0.0,0.39,0.35
1,0.0,0.0,0.0,0.0,0.0,0.06,0.0,0.0,0.21,0.0,0.63,0.0,0.37,0.25
1,0.0,0.0,0.0,0.0,0.0,0.05,0.0,0.0,0.13,0.0,0.61,0.0,0.36,0.17
1,0.0,0.0,0.0,0.0,0.0,0.03,0.0,0.0,0.08,0.0,0.54,0.0,0.3,0.1
1,0.03,0.0,0.0,0.0,0.0,0.05,0.0,0.02,0.08,0.04,0.39,0.0,0.31,0.23
1,0.03,0.0,0.04,0.0,0.0,0.1,0.0,0.12,0.18,0.04,0.25,0.06,0.28,0.45
1,0.03,0.0,0.07,0.0,0.0,0.12,0.0,0.19,0.3,0.04,0.21,0.06,0.31,0.63
1,0.0,0.0,0.07,0.0,0.0,0.08,0.0,0.26,0.35,0.0,0.21,0.05,0.28,0.66
1,0.0,0.0,0.06,0.0,0.0,0.05,0.0,0.3,0.44,0.0,0.35,0.0,0.22,0.81
1,0.0,0.0,0.03,0.0,0.0,0.04,0.0,0.33,0.51,0.0,0.46,0.0,0.35,1.04
1,0.0,0.0,0.03,0.0,0.0,0.04,0.0,0.38,0.53,0.0,0.62,0.0,0.46,1.02
1,0.0,0.0,0.0,0.0,0.0,0.01,0.0,0.32,0.41,0.0,0.72,0.0,0.55,0.94
1,0.0,0.0,0.0,0.0,0.0,0.0,0.0,0.33,0.22,0.0,0.82,0.0,0.37,0.77
1,0.0,0.0,0.0,0.0,0.0,0.0,0.0,0.27,0.21,0.0,1.05,0.0,0.34,0.98
1,0.0,0.0,0.01,0.0,0.0,0.0,0.0,0.23,0.3,0.0,1.2,0.0,0.23,0.94
1,0.03,0.0,0.01,0.0,0.0,0.0,0.0,0.2,0.43,0.0,1.25,0.0,0.39,0.97
1,0.03,0.0,0.01,0.0,0.0,0.0,0.0,0.13,0.28,0.0,1.1,0.1,0.39,0.79
1,0.03,0.0,0.0,0.0,0.0,0.0,0.0,0.09,0.13,0.02,0.88,0.1,0.95,0.7
1,0.0,0.0,0.0,0.0,0.0,0.0,0.0,0.0,0.0,0.12,0.51,0.1,1.51,0.52
1,0.0,0.0,0.0,0.0,0.0,0.0,0.0,0.0,0.0,0.12,0.27,0.0,2.02,0.35
1,0.0,0.0,0.0,0.02,0.0,0.0,0.0,0.0,0.0,0.23,0.19,0.0,2.02,0.17
1,0.0,0.0,0.0,0.02,0.0,0.0,0.0,0.0,0.0,0.21,0.37,0.0,1.67,0.05
1,0.0,0.0,0.0,0.02,0.0,0.0,0.0,0.0,0.0,0.23,0.65,0.0,1.54,0.0
1,0.05,0.12,0.0,0.0,0.0,0.0,0.0,0.0,0.0,0.3,0.76,0.17,1.54,0.0
1,0.15,0.37,0.0,0.0,0.0,0.0,0.0,0.0,0.0,0.42,0.95,0.26,1.45,0.12
1,0.33,0.43,0.0,0.0,0.04,0.0,0.0,0.03,0.04,0.4,1.09,0.26,1.19,0.12
1,0.28,0.3,0.08,0.0,0.17,0.0,0.0,0.15,0.22,0.22,1.23,0.08,0.79,0.12
1,0.19,0.06,0.08,0.0,0.25,0.0,0.04,0.3,0.53,0.11,1.26,0.04,0.55,0.0
1,0.0,0.0,0.08,0.0,0.21,0.0,0.04,0.27,0.77,0.22,1.1,0.36,0.26,0.02
1,0.0,0.0,0.0,0.0,0.08,0.0,0.04,0.16,1.08,0.19,0.98,0.57,0.11,0.12
1,0.0,0.0,0.0,0.0,0.0,0.0,0.07,0.0,1.33,0.16,0.85,0.78,0.0,0.18
1,0.0,0.0,0.0,0.0,0.0,0.0,0.1,0.04,1.61,0.15,0.88,0.74,0.0,0.29
1,0.0,0.0,0.0,0.0,0.0,0.0,0.1,0.12,1.75,0.32,0.83,0.69,0.0,0.19
1,0.0,0.0,0.0,0.0,0.0,0.0,0.03,0.18,1.61,0.44,0.71,0.78,0.0,0.12
1,0.0,0.0,0.0,0.0,0.0,0.0,0.0,0.25,1.49,0.48,0.39,0.79,0.0,0.0
1,0.0,0.0,0.0,0.0,0.0,0.0,0.0,0.29,1.26,0.47,0.16,0.87,0.0,0.03
1,0.0,0.0,0.0,0.0,0.0,0.0,0.0,0.26,1.1,0.43,0.0,0.71,0.03,0.09
1,0.0,0.0,0.0,0.0,0.0,0.0,0.0,0.15,0.96,0.37,0.08,0.59,0.03,0.27
1,0.0,0.0,0.0,0.0,0.0,0.0,0.0,0.03,1.04,0.22,0.18,0.64,0.03,0.47
1,0.0,0.0,0.0,0.15,0.0,0.0,0.0,0.0,1.13,0.11,0.32,0.67,0.0,0.7
1,0.0,0.0,0.0,0.15,0.0,0.0,0.0,0.0,1.26,0.03,0.46,0.84,0.0,0.74
1,0.0,0.0,0.0,0.15,0.0,0.0,0.0,0.0,1.18,0.03,0.38,0.93,0.0,0.67
1,0.0,0.0,0.0,0.0,0.0,0.0,0.0,0.0,1.14,0.02,0.27,1.02,0.0,0.64
1,0.0,0.0,0.0,0.0,0.0,0.0,0.0,0.0,0.99,0.0,0.05,0.94,0.0,0.6
1,0.0,0.0,0.0,0.0,0.0,0.0,0.0,0.0,0.65,0.04,0.03,0.63,0.52,0.68
1,0.0,0.0,0.0,0.0,0.03,0.0,0.0,0.0,0.49,0.12,0.0,0.44,1.45,0.7
1,0.0,0.0,0.04,0.0,0.03,0.0,0.0,0.09,0.49,0.12,0.0,0.17,2.71,0.89
1,0.0,0.0,0.13,0.0,0.07,0.0,0.0,0.23,0.73,0.08,0.0,0.25,3.56,1.14
1,0.0,0.0,0.15,0.0,0.04,0.0,0.0,0.44,0.64,0.0,0.0,0.2,4.11,1.21
1,0.1,0.0,0.31,0.0,0.07,0.0,0.0,0.62,0.37,0.0,0.0,0.35,4.16,1.35
1,0.29,0.0,0.34,0.0,0.04,0.0,0.0,0.77,0.16,0.0,0.0,0.26,3.91,1.39
1,0.38,0.0,0.36,0.0,0.04,0.0,0.0,0.61,0.08,0.0,0.0,0.2,3.49,1.33
1,0.29,0.0,0.16,0.04,0.0,0.0,0.0,0.35,0.09,0.0,0.0,0.33,3.45,1.07
1,0.11,0.0,0.05,0.13,0.0,0.0,0.0,0.14,0.12,0.0,0.0,0.46,3.34,0.76
1,0.02,0.0,0.0,0.13,0.0,0.0,0.0,0.08,0.45,0.07,0.0,0.46,2.61,0.61
1,0.02,0.0,0.0,0.09,0.0,0.0,0.0,0.08,0.64,0.28,0.13,0.37,1.52,0.48
1,0.0,0.0,0.0,0.0,0.0,0.0,0.0,0.0,0.67,0.36,0.28,0.47,0.5,0.51
1,0.0,0.0,0.0,0.0,0.0,0.0,0.0,0.03,0.49,0.4,0.28,0.61,0.27,0.37
1,0.06,0.0,0.0,0.0,0.0,0.0,0.0,0.03,0.29,0.22,0.15,0.55,0.21,0.36
1,0.06,0.0,0.0,0.03,0.0,0.0,0.0,0.03,0.35,0.23,0.0,0.28,0.42,0.33
1,0.13,0.0,0.0,0.03,0.0,0.0,0.0,0.0,0.35,0.12,0.0,0.15,0.49,0.47
1,0.28,0.0,0.0,0.03,0.0,0.0,0.0,0.0,0.37,0.09,0.0,0.03,0.55,0.63
1,0.53,0.0,0.0,0.0,0.0,0.0,0.0,0.0,0.27,0.0,0.02,0.01,0.5,0.65
1,0.51,0.0,0.0,0.0,0.0,0.0,0.0,0.0,0.12,0.0,0.07,0.01,0.53,0.7
1,0.29,0.0,0.0,0.0,0.0,0.0,0.0,0.0,0.1,0.0,0.09,0.04,0.53,0.55
1,0.3,0.0,0.0,0.0,0.0,0.0,0.0,0.04,0.0,0.0,0.07,0.04,0.47,0.48
1,0.46,0.0,0.0,0.0,0.0,0.0,0.0,0.04,0.0,0.0,0.14,0.04,0.36,0.37
1,0.69,0.15,0.0,0.0,0.0,0.0,0.0,0.04,0.0,0.03,0.19,0.0,0.17,0.27
1,0.69,0.43,0.0,0.0,0.0,0.0,0.0,0.0,0.0,0.03,0.36,0.0,0.17,0.23
1,0.78,0.67,0.0,0.0,0.0,0.0,0.0,0.0,0.0,0.03,0.38,0.0,0.09,0.21
1,0.88,0.76,0.0,0.03,0.0,0.0,0.0,0.03,0.03,0.0,0.48,0.0,0.14,0.28
1,0.9,0.67,0.0,0.03,0.0,0.0,0.0,0.03,0.06,0.01,0.55,0.01,0.09,0.28
1,0.93,0.61,0.0,0.03,0.0,0.0,0.0,0.04,0.06,0.06,0.61,0.01,0.14,0.37
1,0.89,0.66,0.0,0.0,0.0,0.0,0.0,0.06,0.09,0.09,0.69,0.01,0.17,0.46
1,0.94,0.79,0.0,0.0,0.0,0.0,0.0,0.08,0.05,0.09,0.68,0.0,0.29,0.51
1,0.97,0.85,0.0,0.0,0.0,0.0,0.0,0.09,0.05,0.04,0.68,0.05,0.35,0.55
1,0.67,0.55,0.0,0.02,0.0,0.0,0.0,0.13,0.08,0.11,0.51,0.05,0.32,0.59
1,0.33,0.23,0.0,0.02,0.0,0.0,0.0,0.19,0.15,0.27,0.28,0.04,0.32,0.54
1,0.0,0.0,0.0,0.05,0.0,0.01,0.0,0.27,0.25,0.5,0.08,0.0,0.33,0.47
1,0.0,0.0,0.0,0.07,0.0,0.04,0.0,0.27,0.29,0.58,0.0,0.0,0.41,0.46
1,0.0,0.0,0.0,0.13,0.0,0.05,0.0,0.27,0.36,0.59,0.0,0.0,0.45,0.5
1,0.0,0.11,0.0,0.14,0.0,0.07,0.0,0.23,0.34,0.49,0.0,0.0,0.51,0.52
1,0.0,0.11,0.0,0.09,0.0,0.03,0.0,0.2,0.29,0.39,0.02,0.0,0.53,0.49
1,0.0,0.14,0.0,0.11,0.0,0.03,0.0,0.17,0.2,0.37,0.02,0.0,0.43,0.48
1,0.0,0.03,0.0,0.14,0.0,0.0,0.0,0.15,0.22,0.3,0.02,0.0,0.3,0.43
1,0.0,0.03,0.0,0.26,0.0,0.04,0.0,0.14,0.15,0.25,0.03,0.0,0.28,0.55
1,0.05,0.2,0.0,0.28,0.0,0.04,0.0,0.18,0.26,0.29,0.06,0.0,0.32,0.61
1,0.05,0.2,0.0,0.22,0.0,0.04,0.0,0.15,0.33,0.42,0.14,0.0,0.37,0.72
1,0.05,0.2,0.0,0.33,0.0,0.03,0.0,0.1,0.34,0.38,0.11,0.0,0.38,0.69
1,0.13,0.0,0.0,0.48,0.0,0.05,0.0,0.03,0.25,0.29,0.08,0.0,0.37,0.69
1,0.17,0.0,0.0,0.53,0.0,0.05,0.0,0.1,0.21,0.09,0.0,0.0,0.44,0.65
1,0.28,0.1,0.0,0.29,0.0,0.04,0.0,0.19,0.29,0.11,0.0,0.0,0.44,0.53
1,0.23,0.1,0.0,0.05,0.0,0.02,0.0,0.28,0.36,0.03,0.0,0.0,0.6,0.48
1,0.28,0.1,0.0,0.0,0.0,0.02,0.0,0.29,0.25,0.07,0.0,0.0,0.58,0.46
1,0.18,0.0,0.0,0.0,0.0,0.0,0.0,0.28,0.19,0.04,0.0,0.0,0.62,0.47
1,0.31,0.0,0.0,0.0,0.0,0.0,0.0,0.24,0.07,0.04,0.0,0.0,0.51,0.45
1,0.3,0.0,0.0,0.0,0.0,0.0,0.0,0.19,0.16,0.0,0.0,0.0,0.56,0.43
1,0.44,0.0,0.0,0.0,0.0,0.04,0.0,0.11,0.16,0.0,0.0,0.0,0.57,0.52
1,0.24,0.0,0.0,0.0,0.0,0.04,0.0,0.11,0.26,0.0,0.0,0.0,0.55,0.62
1,0.31,0.0,0.0,0.0,0.0,0.07,0.0,0.09,0.21,0.0,0.0,0.0,0.56,0.7
1,0.31,0.0,0.0,0.0,0.0,0.03,0.0,0.09,0.27,0.0,0.05,0.0,0.37,0.66
1,0.51,0.0,0.0,0.0,0.0,0.03,0.0,0.02,0.3,0.1,0.05,0.0,0.21,0.51
1,0.34,0.0,0.0,0.0,0.0,0.04,0.0,0.0,0.54,0.1,0.05,0.0,0.04,0.35
1,0.21,0.0,0.0,0.05,0.0,0.04,0.0,0.0,0.52,0.17,0.0,0.0,0.04,0.23
1,0.0,0.0,0.0,0.05,0.0,0.04,0.0,0.0,0.39,0.06,0.0,0.0,0.04,0.21
1,0.0,0.0,0.0,0.1,0.0,0.0,0.0,0.0,0.1,0.06,0.0,0.0,0.0,0.32
1,0.0,0.0,0.0,0.13,0.0,0.0,0.0,0.0,0.01,0.0,0.0,0.0,0.0,0.33
1,0.0,0.0,0.0,0.13,0.0,0.0,0.0,0.0,0.01,0.0,0.0,0.0,0.0,0.35
1,0.0,0.0,0.0,0.08,0.0,0.0,0.0,0.0,0.03,0.0,0.0,0.0,0.0,0.29
1,0.02,0.0,0.0,0.01,0.0,0.0,0.0,0.0,0.07,0.0,0.0,0.0,0.0,0.34
1,0.05,0.0,0.0,0.0,0.0,0.0,0.0,0.0,0.14,0.0,0.0,0.0,0.0,0.33
1,0.05,0.0,0.0,0.0,0.0,0.0,0.0,0.0,0.16,0.0,0.0,0.0,0.0,0.27
1,0.03,0.0,0.0,0.0,0.0,0.03,0.0,0.0,0.19,0.0,0.0,0.0,0.01,0.29
1,0.0,0.0,0.0,0.0,0.0,0.03,0.0,0.0,0.22,0.0,0.06,0.0,0.07,0.46
1,0.0,0.0,0.0,0.0,0.0,0.03,0.0,0.0,0.17,0.0,0.09,0.0,0.2,0.69
1,0.0,0.0,0.0,0.0,0.0,0.01,0.0,0.0,0.11,0.0,0.14,0.0,0.34,0.82
1,0.0,0.0,0.0,0.0,0.0,0.04,0.0,0.0,0.1,0.0,0.12,0.0,0.44,0.8
1,0.0,0.0,0.0,0.0,0.0,0.04,0.0,0.0,0.1,0.0,0.08,0.0,0.43,0.7
1,0.0,0.0,0.0,0.0,0.0,0.11,0.0,0.0,0.14,0.0,0.03,0.0,0.36,0.48
1,0.0,0.0,0.0,0.1,0.0,0.19,0.0,0.0,0.05,0.0,0.06,0.0,0.37,0.43
1,0.0,0.0,0.0,0.31,0.0,0.29,0.0,0.0,0.05,0.0,0.11,0.0,0.35,0.41
1,0.0,0.0,0.0,0.44,0.0,0.27,0.0,0.0,0.0,0.0,0.16,0.0,0.43,0.52
1,0.0,0.0,0.0,0.44,0.0,0.23,0.0,0.0,0.0,0.0,0.18,0.0,0.38,0.49
1,0.0,0.0,0.0,0.23,0.0,0.23,0.0,0.0,0.01,0.0,0.24,0.0,0.51,0.44
1,0.0,0.0,0.0,0.28,0.0,0.18,0.0,0.0,0.06,0.0,0.18,0.11,0.35,0.4
1,0.06,0.0,0.0,0.3,0.0,0.1,0.0,0.01,0.1,0.0,0.1,0.11,0.26,0.49
1,0.06,0.0,0.0,0.48,0.0,0.0,0.0,0.06,0.29,0.0,0.0,0.11,0.04,0.53
1,0.06,0.0,0.0,0.39,0.0,0.0,0.0,0.06,0.39,0.0,0.0,0.0,0.07,0.5
1,0.05,0.0,0.0,0.34,0.0,0.0,0.0,0.06,0.48,0.02,0.0,0.0,0.08,0.43
1,0.05,0.0,0.0,0.43,0.0,0.0,0.0,0.05,0.38,0.02,0.08,0.0,0.07,0.47
1,0.05,0.0,0.0,0.44,0.0,0.0,0.0,0.05,0.42,0.02,0.08,0.0,0.05,0.5
1,0.05,0.0,0.0,0.51,0.0,0.0,0.0,0.09,0.32,0.06,0.1,0.02,0.08,0.47
1,0.05,0.0,0.0,0.35,0.0,0.0,0.0,0.08,0.26,0.06,0.06,0.02,0.14,0.44
1,0.05,0.0,0.0,0.37,0.0,0.0,0.0,0.12,0.18,0.06,0.09,0.02,0.13,0.5
1,0.06,0.0,0.0,0.28,0.0,0.0,0.0,0.07,0.16,0.0,0.07,0.07,0.16,0.44
1,0.06,0.0,0.0,0.17,0.0,0.0,0.0,0.06,0.36,0.0,0.03,0.07,0.1,0.46
1,0.16,0.0,0.0,0.06,0.0,0.0,0.0,0.02,0.26,0.15,0.0,0.07,0.24,0.47
1,0.13,0.0,0.0,0.01,0.0,0.0,0.0,0.02,0.35,0.15,0.0,0.0,0.29,0.45
1,0.32,0.0,0.0,0.0,0.0,0.0,0.0,0.0,0.17,0.19,0.02,0.0,0.45,0.48
1,0.32,0.0,0.0,0.0,0.0,0.0,0.0,0.02,0.32,0.05,0.08,0.0,0.41,0.45
1,0.52,0.0,0.0,0.0,0.0,0.0,0.0,0.02,0.3,0.06,0.08,0.0,0.37,0.61
1,0.39,0.0,0.0,0.0,0.0,0.0,0.0,0.02,0.39,0.01,0.1,0.0,0.33,0.5
1,0.46,0.0,0.0,0.0,0.0,0.0,0.0,0.0,0.28,0.03,0.03,0.0,0.35,0.52
1,0.28,0.0,0.0,0.0,0.0,0.0,0.0,0.01,0.35,0.02,0.08,0.0,0.36,0.34
1,0.42,0.0,0.0,0.0,0.0,0.0,0.0,0.01,0.24,0.03,0.05,0.0,0.35,0.44
1,0.31,0.0,0.0,0.0,0.0,0.0,0.0,0.01,0.32,0.01,0.06,0.0,0.34,0.31
1,0.48,0.0,0.0,0.0,0.0,0.0,0.0,0.01,0.23,0.03,0.01,0.0,0.38,0.49
1,0.33,0.0,0.0,0.0,0.0,0.0,0.0,0.01,0.22,0.02,0.02,0.0,0.35,0.35
1,0.27,0.0,0.0,0.04,0.0,0.0,0.0,0.01,0.24,0.02,0.03,0.05,0.34,0.49
1,0.06,0.0,0.0,0.25,0.0,0.0,0.0,0.03,0.26,0.01,0.03,0.05,0.22,0.38
1,0.0,0.0,0.0,0.56,0.0,0.02,0.0,0.03,0.32,0.01,0.02,0.05,0.14,0.47
1,0.0,0.0,0.0,0.76,0.0,0.02,0.0,0.03,0.21,0.01,0.01,0.0,0.04,0.42
1,0.0,0.0,0.0,0.8,0.0,0.02,0.0,0.01,0.22,0.1,0.01,0.0,0.04,0.39
1,0.0,0.0,0.0,0.78,0.0,0.0,0.0,0.01,0.27,0.11,0.03,0.0,0.04,0.37
1,0.0,0.0,0.0,0.58,0.0,0.0,0.0,0.01,0.39,0.11,0.08,0.0,0.18,0.45
1,0.0,0.0,0.0,0.53,0.0,0.0,0.0,0.0,0.37,0.1,0.08,0.0,0.24,0.53
1,0.0,0.0,0.0,0.6,0.0,0.03,0.0,0.0,0.31,0.14,0.07,0.0,0.24,0.47
1,0.0,0.0,0.0,0.69,0.0,0.03,0.0,0.0,0.23,0.14,0.02,0.0,0.13,0.46
1,0.0,0.0,0.0,0.63,0.0,0.03,0.0,0.0,0.22,0.13,0.02,0.0,0.02,0.43
1,0.0,0.0,0.0,0.5,0.0,0.0,0.0,0.0,0.22,0.09,0.02,0.0,0.02,0.41
1,0.0,0.0,0.0,0.42,0.0,0.0,0.0,0.01,0.17,0.09,0.01,0.04,0.12,0.37
1,0.0,0.0,0.0,0.3,0.0,0.0,0.0,0.01,0.1,0.0,0.01,0.04,0.26,0.29
1,0.0,0.0,0.0,0.08,0.0,0.0,0.0,0.01,0.02,0.0,0.03,0.04,0.38,0.29
1,0.0,0.0,0.0,0.06,0.0,0.0,0.0,0.0,0.01,0.0,0.06,0.0,0.4,0.25
1,0.0,0.0,0.0,0.08,0.0,0.0,0.0,0.0,0.02,0.0,0.08,0.0,0.37,0.34
1,0.0,0.0,0.0,0.17,0.0,0.0,0.0,0.0,0.12,0.0,0.2,0.0,0.44,0.48
1,0.0,0.0,0.0,0.23,0.0,0.0,0.0,0.0,0.19,0.0,0.29,0.0,0.33,0.35
1,0.0,0.0,0.0,0.29,0.0,0.0,0.0,0.0,0.31,0.0,0.35,0.0,0.26,0.18
1,0.0,0.0,0.0,0.28,0.0,0.0,0.0,0.0,0.33,0.0,0.3,0.0,0.12,0.0
1,0.0,0.0,0.0,0.31,0.0,0.0,0.0,0.0,0.27,0.0,0.29,0.0,0.09,0.0
1,0.0,0.0,0.0,0.38,0.0,0.0,0.0,0.0,0.15,0.0,0.3,0.0,0.05,0.0
1,0.0,0.0,0.0,0.49,0.0,0.0,0.0,0.0,0.05,0.0,0.33,0.0,0.01,0.0
1,0.24,0.0,0.0,0.35,0.0,0.0,0.0,0.0,0.04,0.0,0.22,0.03,0.19,0.04
1,0.43,0.0,0.0,0.18,0.0,0.0,0.0,0.03,0.03,0.02,0.12,0.03,0.31,0.08
1,0.96,0.14,0.0,0.0,0.0,0.0,0.0,0.04,0.07,0.02,0.0,0.03,0.64,0.08
1,1.13,0.16,0.0,0.0,0.0,0.0,0.0,0.08,0.16,0.08,0.0,0.01,0.58,0.04
1,1.16,0.16,0.0,0.0,0.0,0.0,0.0,0.07,0.16,0.06,0.0,0.01,0.62,0.0
1,0.83,0.02,0.0,0.0,0.0,0.0,0.0,0.1,0.15,0.06,0.0,0.01,0.52,0.15
1,0.8,0.0,0.0,0.0,0.0,0.0,0.0,0.09,0.06,0.03,0.0,0.0,0.66,0.15
1,0.94,0.0,0.0,0.0,0.0,0.0,0.0,0.1,0.06,0.03,0.0,0.0,0.79,0.15
1,0.89,0.0,0.0,0.0,0.0,0.0,0.0,0.11,0.15,0.03,0.0,0.0,0.76,0.0
1,0.79,0.0,0.0,0.0,0.01,0.0,0.0,0.13,0.17,0.0,0.0,0.0,0.76,0.0
1,0.53,0.0,0.0,0.0,0.01,0.0,0.0,0.13,0.23,0.0,0.0,0.0,0.69,0.0
1,0.59,0.0,0.0,0.0,0.01,0.0,0.0,0.08,0.13,0.0,0.0,0.04,0.78,0.0
1,0.4,0.0,0.0,0.0,0.0,0.0,0.0,0.05,0.17,0.01,0.0,0.2,0.68,0.16
1,0.29,0.0,0.0,0.0,0.0,0.0,0.0,0.06,0.22,0.12,0.0,0.2,0.58,0.35
1,0.08,0.0,0.0,0.06,0.0,0.0,0.0,0.09,0.29,0.18,0.0,0.24,0.37,0.52
1,0.0,0.0,0.0,0.14,0.0,0.0,0.0,0.14,0.31,0.17,0.0,0.17,0.21,0.52
1,0.01,0.0,0.0,0.21,0.0,0.0,0.0,0.13,0.31,0.19,0.0,0.25,0.08,0.53
1,0.07,0.0,0.0,0.15,0.0,0.0,0.0,0.12,0.41,0.18,0.0,0.2,0.13,0.62
1,0.08,0.0,0.0,0.12,0.0,0.0,0.0,0.11,0.39,0.25,0.0,0.14,0.17,0.71
1,0.07,0.0,0.0,0.23,0.0,0.0,0.0,0.11,0.4,0.12,0.0,0.11,0.18,0.71
1,0.08,0.0,0.0,0.23,0.0,0.0,0.0,0.12,0.35,0.18,0.0,0.23,0.19,0.69
1,0.18,0.0,0.0,0.18,0.0,0.0,0.0,0.09,0.43,0.11,0.0,0.2,0.38,0.77
1,0.18,0.0,0.0,0.0,0.0,0.0,0.0,0.08,0.42,0.11,0.0,0.29,0.49,0.85
1,0.12,0.0,0.0,0.03,0.0,0.02,0.0,0.04,0.37,0.0,0.0,0.21,0.48,0.88
1,0.0,0.0,0.0,0.03,0.0,0.02,0.0,0.05,0.55,0.0,0.0,0.28,0.24,0.75
1,0.0,0.0,0.0,0.03,0.0,0.02,0.0,0.02,0.66,0.12,0.03,0.17,0.34,0.62
1,0.0,0.0,0.0,0.0,0.0,0.0,0.0,0.02,0.8,0.22,0.08,0.11,0.4,0.52
1,0.17,0.0,0.0,0.0,0.0,0.0,0.0,0.0,0.78,0.34,0.14,0.04,0.56,0.62
1,0.37,0.0,0.0,0.0,0.0,0.0,0.0,0.06,0.86,0.37,0.14,0.01,0.55,0.77
1,0.48,0.0,0.0,0.0,0.0,0.0,0.0,0.06,0.88,0.47,0.08,0.0,0.54,0.73
1,0.31,0.0,0.0,0.0,0.0,0.0,0.0,0.06,0.78,0.53,0.07,0.0,0.65,0.54
1,0.16,0.0,0.0,0.0,0.0,0.0,0.0,0.0,0.75,0.51,0.04,0.0,0.64,0.44
1,0.07,0.0,0.0,0.0,0.0,0.0,0.0,0.0,0.76,0.49,0.18,0.0,0.65,0.48
1,0.12,0.0,0.0,0.0,0.0,0.0,0.0,0.0,0.76,0.41,0.17,0.05,0.59,0.59
1,0.07,0.0,0.0,0.0,0.0,0.0,0.0,0.0,0.74,0.43,0.23,0.05,0.58,0.48
1,0.16,0.0,0.0,0.0,0.0,0.0,0.0,0.0,0.64,0.3,0.1,0.05,0.57,0.47
1,0.11,0.0,0.0,0.02,0.0,0.0,0.0,0.0,0.48,0.2,0.24,0.0,0.36,0.42
1,0.13,0.0,0.0,0.02,0.0,0.0,0.0,0.0,0.46,0.05,0.24,0.0,0.19,0.51
1,0.02,0.0,0.0,0.27,0.0,0.0,0.0,0.0,0.4,0.0,0.48,0.0,0.07,0.38
1,0.02,0.0,0.0,0.43,0.0,0.0,0.0,0.0,0.47,0.0,0.5,0.0,0.09,0.33
1,0.0,0.0,0.0,0.58,0.0,0.0,0.0,0.0,0.37,0.0,0.67,0.0,0.12,0.23
1,0.01,0.0,0.0,0.43,0.0,0.0,0.0,0.0,0.43,0.0,0.63,0.0,0.05,0.28
1,0.03,0.0,0.0,0.26,0.0,0.0,0.0,0.0,0.45,0.0,0.63,0.0,0.02,0.19
1,0.03,0.0,0.0,0.34,0.0,0.0,0.0,0.0,0.47,0.1,0.42,0.0,0.0,0.25
1,0.05,0.0,0.0,0.24,0.0,0.0,0.0,0.0,0.52,0.2,0.32,0.0,0.0,0.29
1,0.03,0.0,0.0,0.37,0.0,0.0,0.0,0.0,0.51,0.2,0.15,0.0,0.0,0.38
1,0.1,0.0,0.0,0.24,0.0,0.0,0.0,0.0,0.48,0.1,0.13,0.0,0.0,0.41
1,0.12,0.0,0.0,0.27,0.0,0.0,0.0,0.01,0.49,0.05,0.11,0.0,0.0,0.32
1,0.37,0.0,0.0,0.14,0.0,0.0,0.0,0.01,0.4,0.05,0.21,0.0,0.04,0.32
1,0.31,0.06,0.0,0.06,0.0,0.0,0.0,0.01,0.28,0.12,0.26,0.0,0.04,0.18
1,0.25,0.06,0.0,0.03,0.0,0.0,0.0,0.0,0.04,0.23,0.34,0.0,0.04,0.12
1,0.0,0.06,0.0,0.03,0.0,0.0,0.0,0.0,0.0,0.35,0.35,0.0,0.0,0.0
1,0.0,0.0,0.0,0.11,0.0,0.0,0.0,0.0,0.03,0.42,0.3,0.01,0.02,0.0
1,0.01,0.0,0.0,0.16,0.0,0.0,0.0,0.0,0.02,0.26,0.15,0.01,0.02,0.0
1,0.01,0.0,0.0,0.16,0.0,0.0,0.0,0.0,0.02,0.21,0.05,0.01,0.02,0.03
1,0.05,0.01,0.0,0.05,0.0,0.0,0.0,0.0,0.02,0.19,0.04,0.0,0.05,0.09
1,0.06,0.01,0.0,0.0,0.0,0.0,0.0,0.0,0.02,0.22,0.08,0.0,0.05,0.09
1,0.07,0.01,0.0,0.0,0.0,0.0,0.0,0.0,0.02,0.22,0.14,0.0,0.05,0.06
1,0.07,0.0,0.0,0.0,0.0,0.0,0.0,0.0,0.0,0.1,0.17,0.0,0.0,0.03
1,0.04,0.0,0.0,0.0,0.0,0.0,0.0,0.0,0.0,0.18,0.24,0.03,0.0,0.04
1,0.17,0.0,0.0,0.0,0.0,0.0,0.0,0.0,0.05,0.11,0.14,0.03,0.13,0.11
1,0.23,0.0,0.0,0.0,0.0,0.0,0.0,0.0,0.28,0.11,0.1,0.05,0.25,0.21
1,0.31,0.0,0.0,0.0,0.0,0.01,0.0,0.0,0.41,0.0,0.0,0.02,0.53,0.24
1,0.26,0.0,0.0,0.0,0.0,0.01,0.0,0.0,0.55,0.0,0.03,0.02,0.49,0.16
1,0.29,0.0,0.0,0.0,0.0,0.01,0.0,0.0,0.46,0.0,0.03,0.0,0.42,0.03
1,0.33,0.0,0.0,0.0,0.0,0.0,0.0,0.0,0.47,0.0,0.05,0.0,0.23,0.0
1,0.35,0.0,0.0,0.0,0.0,0.0,0.0,0.0,0.29,0.03,0.03,0.0,0.23,0.0
1,0.42,0.0,0.0,0.0,0.0,0.0,0.0,0.0,0.21,0.03,0.03,0.01,0.27,0.0
1,0.43,0.0,0.0,0.0,0.0,0.0,0.0,0.0,0.12,0.03,0.1,0.01,0.19,0.0
1,0.49,0.0,0.0,0.0,0.0,0.0,0.0,0.0,0.24,0.0,0.1,0.01,0.16,0.0
1,0.43,0.0,0.0,0.0,0.0,0.0,0.0,0.0,0.23,0.0,0.21,0.0,0.11,0.0
1,0.39,0.0,0.0,0.0,0.0,0.0,0.0,0.0,0.19,0.0,0.11,0.0,0.1,0.0
1,0.24,0.0,0.0,0.21,0.0,0.03,0.0,0.0,0.07,0.0,0.15,0.11,0.1,0.24
1,0.13,0.0,0.0,0.39,0.0,0.08,0.0,0.0,0.02,0.0,0.09,0.22,0.07,0.39
1,0.1,0.0,0.0,0.55,0.0,0.08,0.0,0.0,0.0,0.0,0.17,0.33,0.07,0.53
1,0.09,0.0,0.0,0.46,0.0,0.1,0.0,0.0,0.0,0.0,0.28,0.26,0.0,0.32
1,0.21,0.11,0.0,0.4,0.0,0.09,0.0,0.0,0.0,0.0,0.38,0.15,0.0,0.22
1,0.24,0.15,0.0,0.24,0.0,0.16,0.0,0.0,0.0,0.0,0.37,0.04,0.05,0.18
1,0.35,0.19,0.0,0.11,0.0,0.21,0.0,0.0,0.04,0.0,0.33,0.0,0.05,0.22
1,0.29,0.2,0.0,0.07,0.0,0.22,0.0,0.0,0.04,0.0,0.28,0.0,0.08,0.19
1,0.34,0.28,0.0,0.1,0.0,0.2,0.0,0.0,0.06,0.0,0.28,0.0,0.07,0.18
1,0.26,0.29,0.02,0.1,0.0,0.14,0.0,0.0,0.07,0.0,0.22,0.0,0.14,0.14
1,0.27,0.18,0.02,0.03,0.0,0.12,0.0,0.0,0.07,0.0,0.12,0.02,0.11,0.19
1,0.16,0.05,0.02,0.0,0.0,0.1,0.0,0.0,0.05,0.0,0.16,0.02,0.09,0.15
1,0.13,0.0,0.0,0.0,0.0,0.06,0.0,0.0,0.1,0.0,0.1,0.02,0.18,0.19
1,0.08,0.06,0.0,0.0,0.0,0.03,0.0,0.0,0.17,0.0,0.19,0.01,0.23,0.12
1,0.07,0.06,0.0,0.0,0.0,0.0,0.0,0.0,0.22,0.01,0.13,0.01,0.4,0.11
1,0.24,0.06,0.0,0.0,0.0,0.0,0.0,0.0,0.22,0.01,0.22,0.01,0.31,0.04
1,0.33,0.0,0.0,0.0,0.0,0.0,0.0,0.0,0.17,0.01,0.22,0.01,0.39,0.04
1,0.38,0.0,0.0,0.0,0.0,0.0,0.0,0.0,0.15,0.0,0.26,0.0,0.32,0.0
1,0.32,0.0,0.0,0.0,0.0,0.0,0.0,0.0,0.11,0.0,0.27,0.0,0.34,0.0
1,0.36,0.0,0.0,0.0,0.0,0.0,0.0,0.0,0.15,0.0,0.27,0.0,0.31,0.0
1,0.44,0.01,0.01,0.0,0.0,0.0,0.0,0.0,0.16,0.0,0.31,0.0,0.32,0.0
1,0.46,0.03,0.01,0.0,0.0,0.0,0.0,0.0,0.18,0.0,0.35,0.0,0.34,0.0
1,0.4,0.08,0.01,0.0,0.0,0.0,0.0,0.0,0.21,0.0,0.35,0.0,0.34,0.02
1,0.38,0.11,0.0,0.0,0.0,0.0,0.0,0.0,0.3,0.0,0.3,0.0,0.32,0.02
1,0.25,0.08,0.0,0.0,0.0,0.0,0.0,0.0,0.43,0.0,0.47,0.0,0.23,0.02
1,0.15,0.05,0.0,0.0,0.0,0.0,0.0,0.0,0.57,0.0,0.72,0.0,0.21,0.0
1,0.05,0.05,0.0,0.0,0.0,0.0,0.0,0.0,0.59,0.0,0.91,0.0,0.12,0.0
1,0.09,0.11,0.0,0.0,0.0,0.0,0.0,0.0,0.61,0.0,0.89,0.0,0.15,0.0
1,0.09,0.17,0.0,0.0,0.0,0.0,0.0,0.01,0.6,0.0,0.83,0.0,0.15,0.0
1,0.14,0.31,0.0,0.0,0.0,0.0,0.0,0.02,0.64,0.0,0.88,0.0,0.22,0.0
1,0.11,0.44,0.0,0.0,0.0,0.0,0.0,0.02,0.64,0.0,0.91,0.0,0.36,0.0
1,0.15,0.54,0.0,0.0,0.0,0.0,0.0,0.01,0.65,0.0,0.96,0.0,0.4,0.0
1,0.09,0.5,0.0,0.0,0.0,0.0,0.0,0.0,0.61,0.0,0.87,0.0,0.46,0.0
1,0.15,0.45,0.0,0.0,0.0,0.0,0.0,0.0,0.6,0.0,0.9,0.0,0.41,0.0
1,0.11,0.36,0.0,0.0,0.0,0.0,0.0,0.0,0.55,0.0,0.76,0.0,0.3,0.0
1,0.12,0.33,0.0,0.0,0.0,0.0,0.0,0.0,0.62,0.0,0.92,0.0,0.16,0.0
1,0.04,0.19,0.0,0.0,0.0,0.1,0.0,0.0,0.44,0.0,0.58,0.08,0.27,0.07
1,0.04,0.09,0.0,0.0,0.0,0.1,0.0,0.0,0.27,0.0,0.45,0.08,0.49,0.21
1,0.0,0.0,0.0,0.0,0.0,0.14,0.0,0.0,0.03,0.0,0.12,0.08,0.66,0.28
1,0.0,0.0,0.0,0.0,0.0,0.11,0.0,0.0,0.01,0.0,0.26,0.02,0.54,0.24
1,0.0,0.0,0.0,0.0,0.0,0.11,0.0,0.0,0.01,0.0,0.31,0.02,0.53,0.22
1,0.0,0.0,0.0,0.0,0.0,0.08,0.0,0.0,0.03,0.0,0.26,0.07,0.42,0.15
1,0.0,0.0,0.0,0.0,0.0,0.02,0.0,0.0,0.07,0.0,0.12,0.05,0.4,0.12
1,0.0,0.0,0.0,0.0,0.0,0.02,0.0,0.0,0.07,0.0,0.06,0.05,0.38,0.08
1,0.0,0.0,0.0,0.0,0.0,0.01,0.0,0.0,0.11,0.0,0.17,0.09,0.38,0.08
1,0.0,0.0,0.0,0.0,0.0,0.01,0.0,0.0,0.12,0.0,0.18,0.19,0.35,0.08
1,0.0,0.0,0.0,0.0,0.0,0.06,0.0,0.0,0.2,0.0,0.22,0.25,0.19,0.0
1,0.0,0.0,0.0,0.0,0.0,0.12,0.0,0.0,0.25,0.0,0.2,0.31,0.14,0.0
1,0.04,0.04,0.0,0.0,0.0,0.11,0.0,0.0,0.28,0.0,0.22,0.51,0.19,0.05
1,0.07,0.21,0.0,0.0,0.0,0.06,0.0,0.0,0.4,0.0,0.39,0.44,0.37,0.08
1,0.22,0.34,0.0,0.0,0.0,0.0,0.0,0.0,0.55,0.0,0.61,0.31,0.48,0.14
1,0.17,0.42,0.0,0.0,0.0,0.0,0.0,0.0,0.62,0.0,0.72,0.02,0.43,0.12
1,0.28,0.45,0.0,0.0,0.0,0.0,0.0,0.0,0.64,0.0,0.8,0.04,0.34,0.16
1,0.24,0.46,0.0,0.0,0.0,0.0,0.0,0.0,0.66,0.0,0.72,0.05,0.21,0.1
1,0.36,0.49,0.0,0.0,0.0,0.0,0.0,0.0,0.76,0.0,0.82,0.09,0.17,0.07
1,0.32,0.43,0.0,0.0,0.0,0.0,0.0,0.0,0.84,0.0,0.75,0.08,0.05,0.0
1,0.31,0.43,0.0,0.0,0.0,0.0,0.0,0.0,0.84,0.0,0.83,0.04,0.04,0.0
1,0.39,0.52,0.0,0.0,0.0,0.0,0.0,0.0,0.81,0.02,0.8,0.0,0.08,0.09
1,0.43,0.58,0.0,0.0,0.0,0.0,0.0,0.0,0.69,0.02,0.67,0.0,0.23,0.15
1,0.45,0.55,0.0,0.0,0.0,0.0,0.0,0.0,0.68,0.02,0.53,0.0,0.32,0.15
1,0.24,0.31,0.0,0.13,0.0,0.0,0.0,0.0,0.43,0.0,0.57,0.0,0.33,0.06
1,0.12,0.12,0.0,0.16,0.0,0.0,0.0,0.0,0.26,0.0,0.77,0.0,0.22,0.0
1,0.0,0.0,0.0,0.17,0.0,0.0,0.0,0.0,0.0,0.0,0.89,0.0,0.13,0.0
1,0.0,0.0,0.0,0.07,0.0,0.0,0.0,0.0,0.0,0.0,0.92,0.0,0.05,0.02
1,0.0,0.0,0.0,0.06,0.0,0.0,0.0,0.0,0.0,0.0,0.88,0.0,0.01,0.02
1,0.0,0.0,0.0,0.05,0.0,0.0,0.0,0.0,0.0,0.0,0.89,0.0,0.03,0.02
1,0.0,0.0,0.0,0.01,0.0,0.0,0.0,0.0,0.0,0.0,0.94,0.0,0.03,0.02
1,0.0,0.0,0.0,0.0,0.0,0.0,0.0,0.0,0.0,0.0,0.97,0.0,0.04,0.05
1,0.0,0.0,0.0,0.0,0.0,0.0,0.0,0.0,0.0,0.0,0.99,0.0,0.06,0.07
1,0.0,0.0,0.0,0.0,0.0,0.0,0.0,0.0,0.0,0.0,1.03,0.0,0.06,0.07
1,0.0,0.0,0.0,0.0,0.0,0.0,0.0,0.0,0.0,0.0,1.06,0.0,0.09,0.04
1,0.0,0.0,0.0,0.0,0.0,0.03,0.0,0.0,0.0,0.0,1.14,0.0,0.08,0.02
1,0.0,0.0,0.0,0.06,0.0,0.03,0.0,0.0,0.24,0.0,0.99,0.12,0.06,0.01
1,0.0,0.03,0.0,0.14,0.0,0.03,0.0,0.0,0.4,0.0,0.85,0.33,0.03,0.1
1,0.0,0.03,0.0,0.14,0.0,0.0,0.0,0.0,0.6,0.0,0.71,0.37,0.0,0.11
1,0.0,0.03,0.0,0.08,0.0,0.0,0.0,0.0,0.59,0.0,0.78,0.26,0.0,0.11
1,0.0,0.0,0.0,0.0,0.0,0.0,0.0,0.0,0.67,0.0,0.84,0.06,0.0,0.03
1,0.0,0.0,0.0,0.0,0.0,0.0,0.0,0.0,0.68,0.0,0.87,0.02,0.0,0.04
1,0.0,0.0,0.0,0.01,0.0,0.0,0.0,0.0,0.66,0.0,0.91,0.01,0.0,0.03
1,0.0,0.0,0.0,0.01,0.0,0.0,0.0,0.0,0.69,0.0,0.93,0.03,0.0,0.03
1,0.0,0.0,0.0,0.01,0.0,0.0,0.0,0.0,0.69,0.0,0.9,0.06,0.0,0.01
1,0.0,0.0,0.0,0.0,0.0,0.0,0.0,0.0,0.68,0.0,0.87,0.14,0.0,0.02
1,0.0,0.0,0.0,0.0,0.0,0.0,0.0,0.0,0.62,0.0,0.85,0.2,0.0,0.02
1,0.0,0.0,0.0,0.04,0.0,0.0,0.0,0.0,0.62,0.0,0.83,0.24,0.03,0.02
1,0.0,0.0,0.0,0.14,0.0,0.0,0.0,0.0,0.56,0.0,0.75,0.36,0.03,0.15
1,0.0,0.0,0.0,0.14,0.0,0.0,0.0,0.0,0.54,0.02,0.58,0.46,0.03,0.19
1,0.0,0.0,0.0,0.1,0.0,0.0,0.0,0.0,0.49,0.03,0.49,0.56,0.0,0.28
1,0.0,0.0,0.0,0.0,0.0,0.0,0.0,0.0,0.49,0.07,0.4,0.47,0.0,0.21
1,0.0,0.0,0.0,0.0,0.0,0.0,0.0,0.0,0.46,0.05,0.36,0.36,0.0,0.21
1,0.0,0.0,0.0,0.03,0.0,0.0,0.0,0.0,0.44,0.04,0.25,0.29,0.0,0.21
1,0.0,0.0,0.0,0.04,0.0,0.0,0.0,0.0,0.46,0.0,0.25,0.36,0.0,0.24
1,0.0,0.0,0.0,0.1,0.0,0.0,0.0,0.0,0.49,0.0,0.23,0.45,0.0,0.3
1,0.0,0.0,0.0,0.11,0.0,0.0,0.0,0.0,0.54,0.0,0.23,0.46,0.0,0.22
1,0.0,0.0,0.0,0.13,0.0,0.0,0.0,0.0,0.55,0.0,0.19,0.38,0.0,0.11
1,0.0,0.0,0.0,0.12,0.0,0.0,0.0,0.0,0.59,0.0,0.26,0.3,0.0,0.01
1,0.0,0.0,0.0,0.15,0.0,0.0,0.0,0.0,0.58,0.0,0.28,0.3,0.0,0.0
1,0.0,0.0,0.0,0.11,0.0,0.0,0.0,0.0,0.4,0.0,0.28,0.19,0.16,0.28
1,0.0,0.0,0.0,0.06,0.0,0.0,0.0,0.0,0.34,0.0,0.43,0.11,0.23,0.55
1,0.0,0.0,0.0,0.0,0.0,0.0,0.0,0.0,0.31,0.0,0.49,0.0,0.26,0.7
1,0.0,0.0,0.0,0.0,0.0,0.0,0.0,0.0,0.47,0.0,0.6,0.0,0.19,0.47
1,0.0,0.0,0.0,0.0,0.0,0.0,0.0,0.0,0.36,0.0,0.47,0.0,0.18,0.37
1,0.0,0.0,0.0,0.0,0.0,0.0,0.0,0.0,0.27,0.0,0.43,0.0,0.19,0.35
1,0.0,0.0,0.0,0.0,0.0,0.0,0.0,0.0,0.16,0.0,0.37,0.03,0.13,0.42
1,0.0,0.0,0.0,0.0,0.0,0.0,0.0,0.0,0.22,0.0,0.33,0.03,0.08,0.43
1,0.0,0.0,0.0,0.0,0.0,0.0,0.0,0.0,0.28,0.0,0.32,0.03,0.03,0.49
1,0.0,0.0,0.0,0.0,0.0,0.0,0.0,0.0,0.38,0.0,0.33,0.05,0.01,0.53
1,0.0,0.0,0.0,0.0,0.0,0.0,0.0,0.0,0.4,0.0,0.32,0.09,0.0,0.47
1,0.0,0.0,0.0,0.0,0.0,0.0,0.0,0.0,0.45,0.0,0.44,0.18,0.08,0.41
1,0.0,0.0,0.0,0.0,0.0,0.0,0.0,0.0,0.32,0.0,0.58,0.13,0.11,0.42
1,0.0,0.0,0.0,0.0,0.0,0.0,0.0,0.0,0.2,0.0,0.64,0.19,0.12,0.4
1,0.0,0.0,0.0,0.0,0.0,0.0,0.0,0.0,0.06,0.03,0.69,0.21,0.07,0.41
1,0.0,0.0,0.0,0.0,0.0,0.0,0.0,0.0,0.13,0.03,0.66,0.31,0.03,0.36
1,0.0,0.0,0.0,0.0,0.0,0.0,0.0,0.0,0.22,0.03,0.8,0.25,0.04,0.34
1,0.0,0.0,0.0,0.0,0.0,0.0,0.0,0.0,0.3,0.0,0.84,0.15,0.03,0.32
1,0.0,0.0,0.0,0.0,0.0,0.0,0.0,0.0,0.38,0.0,0.88,0.05,0.06,0.3
1,0.0,0.0,0.0,0.0,0.0,0.0,0.0,0.0,0.36,0.0,0.84,0.02,0.04,0.27
1,0.0,0.0,0.0,0.0,0.0,0.0,0.0,0.0,0.36,0.0,0.81,0.01,0.03,0.21
1,0.0,0.0,0.0,0.0,0.0,0.0,0.0,0.0,0.29,0.0,0.77,0.01,0.0,0.1
1,0.0,0.0,0.0,0.0,0.0,0.0,0.0,0.0,0.31,0.0,0.76,0.0,0.0,0.06
1,0.0,0.0,0.0,0.0,0.0,0.0,0.0,0.0,0.26,0.0,0.76,0.0,0.0,0.03
1,0.0,0.0,0.0,0.1,0.0,0.0,0.0,0.0,0.32,0.0,0.62,0.05,0.0,0.05
1,0.0,0.04,0.0,0.1,0.0,0.0,0.0,0.0,0.42,0.0,0.69,0.05,0.0,0.04
1,0.0,0.04,0.0,0.1,0.0,0.0,0.0,0.0,0.53,0.0,0.53,0.17,0.0,0.06
1,0.0,0.04,0.0,0.0,0.0,0.0,0.0,0.0,0.68,0.0,0.84,0.13,0.0,0.04
1,0.0,0.1,0.0,0.0,0.0,0.0,0.0,0.0,0.72,0.0,0.85,0.13,0.0,0.04
1,0.0,0.1,0.0,0.0,0.0,0.0,0.0,0.0,0.74,0.0,0.88,0.09,0.0,0.0
1,0.0,0.12,0.0,0.01,0.0,0.0,0.0,0.0,0.69,0.0,0.84,0.1,0.0,0.0
1,0.0,0.07,0.0,0.07,0.0,0.0,0.0,0.0,0.7,0.0,0.84,0.11,0.0,0.0
1,0.0,0.1,0.0,0.08,0.0,0.0,0.0,0.0,0.71,0.0,0.92,0.13,0.0,0.0
1,0.0,0.08,0.0,0.07,0.0,0.0,0.0,0.0,0.72,0.0,0.74,0.12,0.0,0.0
1,0.0,0.04,0.0,0.01,0.0,0.0,0.0,0.0,0.74,0.0,0.64,0.11,0.0,0.0
1,0.0,0.0,0.0,0.01,0.0,0.0,0.0,0.0,0.7,0.0,0.51,0.0,0.1,0.0
1,0.0,0.0,0.0,0.0,0.0,0.0,0.0,0.0,0.55,0.0,0.51,0.22,0.23,0.16
1,0.0,0.0,0.0,0.0,0.0,0.0,0.0,0.0,0.47,0.0,0.56,0.35,0.27,0.22
1,0.0,0.0,0.0,0.0,0.0,0.0,0.0,0.0,0.44,0.0,0.69,0.36,0.22,0.36
1,0.0,0.0,0.0,0.0,0.0,0.0,0.0,0.0,0.53,0.11,0.6,0.46,0.17,0.25
1,0.0,0.0,0.0,0.0,0.0,0.0,0.0,0.0,0.58,0.11,0.5,0.51,0.14,0.24
1,0.0,0.0,0.0,0.0,0.0,0.0,0.0,0.02,0.57,0.11,0.56,0.57,0.09,0.1
1,0.0,0.0,0.0,0.0,0.0,0.0,0.0,0.03,0.52,0.01,0.8,0.24,0.02,0.06
1,0.0,0.0,0.0,0.0,0.0,0.0,0.0,0.03,0.41,0.13,0.88,0.33,0.01,0.0
1,0.0,0.0,0.0,0.0,0.0,0.0,0.0,0.0,0.44,0.13,0.89,0.26,0.06,0.06
1,0.0,0.0,0.0,0.0,0.0,0.0,0.0,0.0,0.53,0.24,0.85,0.52,0.19,0.06
1,0.02,0.0,0.0,0.0,0.0,0.0,0.0,0.0,0.6,0.11,0.8,0.59,0.44,0.15
1,0.06,0.0,0.0,0.0,0.0,0.0,0.0,0.0,0.61,0.11,0.68,0.61,0.59,0.19
1,0.06,0.0,0.0,0.0,0.0,0.0,0.0,0.0,0.48,0.07,0.54,0.38,0.77,0.46
1,0.04,0.0,0.0,0.0,0.0,0.0,0.0,0.0,0.31,0.16,0.44,0.06,0.86,0.78
1,0.0,0.0,0.0,0.0,0.0,0.0,0.0,0.0,0.21,0.16,0.38,0.03,1.14,1.11
1,0.0,0.0,0.0,0.0,0.0,0.0,0.0,0.0,0.18,0.42,0.36,0.0,1.38,1.21
1,0.0,0.0,0.0,0.0,0.0,0.0,0.0,0.0,0.26,0.55,0.29,0.0,1.64,1.25
1,0.0,0.0,0.0,0.0,0.0,0.0,0.0,0.0,0.2,0.81,0.2,0.0,1.81,1.13
1,0.0,0.0,0.0,0.0,0.0,0.0,0.0,0.0,0.22,0.6,0.12,0.0,1.9,1.04
1,0.0,0.0,0.0,0.0,0.0,0.0,0.0,0.0,0.15,0.6,0.19,0.0,1.81,0.85
1,0.0,0.0,0.0,0.0,0.0,0.0,0.0,0.0,0.12,0.49,0.24,0.0,1.65,0.79
1,0.0,0.0,0.07,0.0,0.0,0.0,0.0,0.0,0.03,0.62,0.37,0.0,1.52,0.71
1,0.0,0.0,0.11,0.0,0.0,0.0,0.0,0.0,0.05,0.73,0.48,0.0,1.35,0.5
1,0.0,0.0,0.26,0.0,0.0,0.0,0.0,0.0,0.04,0.74,0.6,0.0,1.04,0.24
1,0.0,0.0,0.19,0.0,0.0,0.0,0.0,0.0,0.11,0.88,0.79,0.0,0.73,0.15
1,0.23,0.15,0.16,0.0,0.0,0.0,0.0,0.0,0.14,0.8,0.86,0.0,0.53,0.1
1,0.47,0.34,0.0,0.0,0.0,0.0,0.0,0.0,0.25,0.75,0.7,0.0,0.66,0.1
1,0.56,0.34,0.0,0.0,0.0,0.0,0.0,0.01,0.32,0.49,0.34,0.0,0.96,0.0
1,0.5,0.27,0.0,0.0,0.0,0.0,0.0,0.01,0.41,0.29,0.06,0.0,1.23,0.0
1,0.26,0.09,0.05,0.0,0.0,0.0,0.0,0.01,0.4,0.16,0.0,0.0,1.23,0.06
1,0.17,0.09,0.05,0.0,0.0,0.0,0.0,0.03,0.39,0.05,0.0,0.0,1.09,0.21
1,0.0,0.0,0.05,0.01,0.0,0.0,0.0,0.04,0.32,0.0,0.0,0.0,0.73,0.32
1,0.15,0.15,0.0,0.01,0.0,0.0,0.0,0.17,0.5,0.0,0.0,0.0,0.5,0.4
1,0.34,0.37,0.04,0.01,0.0,0.0,0.0,0.3,0.63,0.0,0.0,0.0,0.14,0.42
1,0.39,0.37,0.08,0.0,0.0,0.0,0.0,0.41,0.82,0.0,0.0,0.0,0.1,0.45
1,0.24,0.22,0.1,0.0,0.0,0.0,0.0,0.41,0.8,0.01,0.0,0.0,0.0,0.4
1,0.05,0.0,0.06,0.0,0.0,0.0,0.04,0.24,0.76,0.28,0.09,0.0,0.34,0.51
1,0.0,0.0,0.02,0.0,0.0,0.0,0.04,0.12,0.52,0.36,0.14,0.11,0.65,0.53
1,0.0,0.0,0.0,0.0,0.0,0.0,0.04,0.0,0.32,0.35,0.16,0.14,0.99,0.55
1,0.0,0.0,0.0,0.0,0.0,0.0,0.0,0.0,0.18,0.22,0.08,0.24,1.04,0.36
1,0.0,0.0,0.0,0.0,0.0,0.0,0.0,0.0,0.33,0.26,0.06,0.26,1.01,0.37
1,0.0,0.0,0.0,0.0,0.0,0.0,0.0,0.0,0.43,0.35,0.04,0.33,0.99,0.47
1,0.0,0.0,0.0,0.0,0.0,0.0,0.0,0.0,0.52,0.36,0.02,0.32,1.09,0.59
1,0.0,0.0,0.0,0.0,0.0,0.0,0.0,0.0,0.55,0.38,0.0,0.32,1.26,0.56
1,0.0,0.0,0.02,0.0,0.0,0.0,0.0,0.0,0.7,0.43,0.0,0.34,1.52,0.42
1,0.0,0.0,0.02,0.0,0.0,0.0,0.0,0.0,0.75,0.46,0.0,0.31,1.62,0.31
1,0.0,0.0,0.06,0.0,0.0,0.0,0.0,0.02,0.71,0.43,0.0,0.25,1.86,0.33
1,0.0,0.0,0.04,0.0,0.0,0.0,0.0,0.07,0.54,0.39,0.0,0.12,2.32,0.36
1,0.0,0.0,0.04,0.0,0.11,0.0,0.0,0.25,0.35,0.21,0.0,0.07,2.93,0.54
1,0.0,0.0,0.07,0.0,0.18,0.0,0.0,0.53,0.17,0.11,0.0,0.0,3.56,0.68
1,0.0,0.0,0.16,0.0,0.41,0.0,0.0,0.82,0.02,0.0,0.0,0.24,3.96,1.05
1,0.14,0.01,0.29,0.0,0.46,0.0,0.0,0.96,0.0,0.0,0.0,0.44,4.07,1.21
1,0.21,0.21,0.22,0.0,0.45,0.0,0.0,0.82,0.0,0.0,0.0,0.61,3.89,1.19
1,0.36,0.66,0.23,0.0,0.28,0.0,0.0,0.59,0.0,0.0,0.0,0.39,3.53,0.84
1,0.77,0.94,0.1,0.0,0.12,0.0,0.0,0.37,0.0,0.0,0.0,0.19,3.16,0.65
1,1.01,1.02,0.1,0.0,0.07,0.0,0.0,0.31,0.0,0.0,0.0,0.08,2.7,0.47
1,0.99,0.71,0.0,0.0,0.0,0.04,0.0,0.2,0.0,0.0,0.0,0.06,1.96,0.4
1,0.7,0.78,0.0,0.0,0.0,0.04,0.0,0.2,0.24,0.02,0.04,0.06,1.17,0.3
1,0.75,0.87,0.0,0.0,0.0,0.04,0.0,0.24,0.26,0.02,0.35,0.0,0.66,0.36
1,0.95,1.15,0.0,0.0,0.0,0.0,0.0,0.31,0.33,0.02,0.69,0.0,0.55,0.38
1,0.8,0.91,0.0,0.0,0.0,0.0,0.0,0.22,0.09,0.0,0.82,0.01,0.55,0.48
1,0.49,0.62,0.0,0.0,0.0,0.0,0.0,0.08,0.28,0.0,0.59,0.04,0.51,0.42
1,0.44,0.29,0.0,0.0,0.0,0.08,0.0,0.01,0.53,0.0,0.26,0.04,0.41,0.42
1,0.41,0.17,0.05,0.0,0.0,0.08,0.0,0.03,0.76,0.0,0.11,0.04,0.29,0.17
1,0.48,0.08,0.05,0.0,0.0,0.08,0.0,0.06,1.04,0.0,0.2,0.0,0.16,0.11
1,0.24,0.14,0.05,0.0,0.0,0.0,0.0,0.09,1.23,0.15,0.31,0.0,0.03,0.04
1,0.29,0.24,0.09,0.0,0.0,0.07,0.0,0.1,1.41,0.22,0.37,0.0,0.0,0.04
1,0.4,0.44,0.11,0.0,0.01,0.12,0.0,0.17,1.33,0.38,0.31,0.0,0.0,0.0
1,0.69,0.54,0.11,0.0,0.06,0.18,0.0,0.21,1.3,0.49,0.23,0.0,0.0,0.0
1,0.87,0.47,0.02,0.0,0.11,0.11,0.0,0.21,1.46,0.87,0.32,0.0,0.03,0.0
1,0.82,0.34,0.0,0.03,0.1,0.05,0.0,0.17,1.45,1.12,0.46,0.07,0.03,0.05
1,0.72,0.15,0.0,0.03,0.06,0.0,0.0,0.12,1.35,1.2,0.54,0.16,0.07,0.05
1,0.6,0.37,0.04,0.09,0.01,0.0,0.0,0.08,0.88,0.78,0.4,0.16,0.04,0.19
1,0.57,0.63,0.33,0.23,0.08,0.12,0.0,0.01,0.54,0.37,0.26,0.09,0.06,0.21
1,0.55,0.88,0.59,0.38,0.14,0.28,0.0,0.0,0.18,0.03,0.19,0.0,0.03,0.29
1,0.66,0.81,0.74,0.49,0.19,0.47,0.0,0.0,0.15,0.01,0.26,0.0,0.03,0.29
1,0.71,0.72,0.72,0.48,0.19,0.51,0.0,0.0,0.17,0.01,0.24,0.0,0.05,0.3
1,0.69,0.63,0.71,0.42,0.22,0.53,0.0,0.0,0.25,0.07,0.2,0.0,0.03,0.24
1,0.58,0.48,0.79,0.36,0.24,0.47,0.0,0.0,0.3,0.08,0.12,0.0,0.03,0.2
1,0.52,0.43,0.77,0.43,0.26,0.53,0.0,0.01,0.33,0.08,0.04,0.0,0.0,0.3
1,0.55,0.43,0.86,0.5,0.21,0.54,0.0,0.01,0.3,0.02,0.02,0.0,0.0,0.38
1,0.57,0.49,0.83,0.44,0.19,0.6,0.0,0.01,0.22,0.0,0.08,0.0,0.0,0.48
1,0.5,0.53,0.76,0.24,0.14,0.49,0.0,0.0,0.12,0.0,0.19,0.0,0.0,0.62
1,0.49,0.51,0.69,0.18,0.13,0.51,0.0,0.0,0.06,0.0,0.24,0.0,0.01,0.85
1,0.28,0.4,0.44,0.12,0.09,0.4,0.0,0.02,0.08,0.08,0.21,0.0,0.14,0.78
1,0.27,0.19,0.26,0.09,0.04,0.34,0.0,0.02,0.11,0.16,0.22,0.0,0.28,0.65
1,0.22,0.0,0.0,0.0,0.0,0.22,0.0,0.03,0.11,0.22,0.29,0.0,0.34,0.51
1,0.28,0.0,0.0,0.0,0.0,0.29,0.0,0.05,0.03,0.14,0.28,0.0,0.3,0.64
1,0.27,0.0,0.0,0.0,0.0,0.43,0.0,0.07,0.0,0.06,0.21,0.0,0.27,0.68
1,0.23,0.0,0.0,0.0,0.0,0.46,0.0,0.16,0.0,0.0,0.2,0.0,0.29,0.7
1,0.33,0.0,0.02,0.0,0.0,0.56,0.0,0.2,0.0,0.0,0.28,0.0,0.24,0.65
1,0.29,0.0,0.02,0.0,0.01,0.53,0.0,0.25,0.0,0.0,0.42,0.0,0.25,0.72
1,0.26,0.0,0.02,0.0,0.03,0.54,0.0,0.26,0.05,0.01,0.51,0.0,0.18,0.68
1,0.15,0.0,0.07,0.0,0.03,0.45,0.0,0.22,0.06,0.08,0.58,0.0,0.24,0.69
1,0.22,0.0,0.09,0.0,0.02,0.47,0.0,0.21,0.06,0.08,0.54,0.0,0.1,0.58
1,0.24,0.0,0.09,0.0,0.0,0.52,0.0,0.2,0.08,0.06,0.42,0.0,0.17,0.58
1,0.22,0.0,0.03,0.04,0.0,0.5,0.0,0.21,0.21,0.01,0.32,0.0,0.27,0.36
1,0.27,0.07,0.06,0.04,0.0,0.44,0.0,0.15,0.35,0.01,0.3,0.03,0.41,0.18
1,0.3,0.07,0.06,0.04,0.02,0.43,0.0,0.1,0.43,0.03,0.39,0.09,0.46,0.05
1,0.36,0.07,0.06,0.0,0.05,0.45,0.0,0.1,0.44,0.02,0.41,0.12,0.39,0.14
1,0.32,0.0,0.0,0.0,0.05,0.5,0.0,0.1,0.43,0.07,0.36,0.22,0.39,0.3
1,0.26,0.0,0.0,0.0,0.03,0.47,0.0,0.06,0.4,0.12,0.3,0.21,0.4,0.33
1,0.34,0.13,0.04,0.0,0.0,0.48,0.0,0.01,0.41,0.12,0.31,0.21,0.42,0.29
1,0.46,0.28,0.04,0.0,0.0,0.42,0.0,0.0,0.36,0.1,0.34,0.1,0.45,0.14
1,0.58,0.37,0.04,0.0,0.0,0.41,0.0,0.0,0.24,0.03,0.38,0.05,0.39,0.08
1,0.64,0.45,0.0,0.0,0.0,0.38,0.0,0.0,0.07,0.03,0.37,0.01,0.47,0.05
1,0.49,0.44,0.0,0.0,0.0,0.42,0.0,0.0,0.0,0.0,0.32,0.0,0.59,0.06
1,0.39,0.52,0.0,0.0,0.0,0.46,0.0,0.0,0.0,0.0,0.38,0.0,0.71,0.16
1,0.47,0.49,0.0,0.0,0.0,0.33,0.0,0.08,0.03,0.0,0.31,0.0,0.66,0.37
1,0.63,0.35,0.0,0.0,0.0,0.2,0.0,0.15,0.03,0.0,0.31,0.0,0.55,0.55
1,0.78,0.18,0.0,0.0,0.0,0.07,0.0,0.21,0.03,0.0,0.15,0.0,0.48,0.66
1,0.65,0.0,0.0,0.0,0.0,0.09,0.0,0.18,0.0,0.0,0.12,0.0,0.47,0.71
1,0.55,0.0,0.0,0.0,0.0,0.09,0.0,0.12,0.0,0.0,0.13,0.0,0.41,0.77
1,0.5,0.0,0.0,0.0,0.0,0.08,0.0,0.08,0.0,0.0,0.14,0.0,0.39,0.84
1,0.54,0.0,0.0,0.0,0.0,0.09,0.0,0.03,0.0,0.0,0.18,0.0,0.28,0.8
1,0.55,0.0,0.0,0.0,0.0,0.09,0.0,0.01,0.0,0.0,0.18,0.0,0.24,0.85
1,0.49,0.1,0.0,0.0,0.0,0.09,0.0,0.02,0.0,0.0,0.15,0.0,0.22,0.78
1,0.44,0.19,0.0,0.0,0.0,0.09,0.0,0.02,0.0,0.0,0.12,0.0,0.28,0.74
1,0.4,0.23,0.0,0.0,0.0,0.12,0.0,0.05,0.0,0.0,0.07,0.0,0.32,0.58
1,0.47,0.22,0.0,0.0,0.0,0.12,0.0,0.04,0.0,0.0,0.17,0.0,0.31,0.61
1,0.48,0.13,0.0,0.0,0.0,0.15,0.0,0.07,0.04,0.11,0.34,0.06,0.21,0.57
1,0.5,0.09,0.0,0.0,0.0,0.18,0.0,0.05,0.21,0.23,0.56,0.06,0.13,0.64
1,0.29,0.0,0.0,0.0,0.0,0.27,0.0,0.05,0.42,0.33,0.63,0.12,0.07,0.49
1,0.15,0.0,0.0,0.0,0.0,0.35,0.0,0.05,0.57,0.33,0.72,0.07,0.13,0.5
1,0.12,0.0,0.0,0.0,0.0,0.39,0.0,0.1,0.58,0.29,0.72,0.07,0.13,0.36
1,0.15,0.0,0.0,0.0,0.0,0.39,0.0,0.12,0.54,0.27,0.76,0.01,0.15,0.35
1,0.12,0.0,0.0,0.0,0.0,0.44,0.0,0.12,0.57,0.33,0.71,0.06,0.13,0.27
1,0.09,0.0,0.0,0.0,0.0,0.46,0.0,0.08,0.48,0.29,0.66,0.06,0.18,0.37
1,0.1,0.0,0.0,0.0,0.0,0.46,0.0,0.11,0.4,0.32,0.64,0.09,0.12,0.47
1,0.1,0.0,0.0,0.0,0.0,0.42,0.0,0.1,0.31,0.32,0.62,0.13,0.08,0.55
1,0.04,0.0,0.0,0.0,0.0,0.38,0.0,0.09,0.35,0.4,0.73,0.19,0.02,0.53
1,0.0,0.0,0.0,0.0,0.0,0.42,0.0,0.04,0.38,0.42,0.77,0.22,0.04,0.41
1,0.06,0.0,0.0,0.0,0.0,0.28,0.0,0.03,0.44,0.43,0.63,0.12,0.08,0.36
1,0.17,0.0,0.0,0.0,0.0,0.23,0.0,0.03,0.42,0.43,0.41,0.06,0.24,0.37
1,0.22,0.0,0.0,0.0,0.0,0.13,0.0,0.01,0.33,0.36,0.25,0.0,0.24,0.41
1,0.25,0.0,0.0,0.0,0.0,0.13,0.0,0.01,0.15,0.19,0.34,0.05,0.19,0.39
1,0.16,0.0,0.0,0.01,0.0,0.09,0.0,0.0,0.08,0.11,0.38,0.1,0.05,0.33
1,0.12,0.0,0.0,0.01,0.0,0.04,0.0,0.02,0.1,0.04,0.42,0.1,0.06,0.36
1,0.04,0.0,0.04,0.01,0.0,0.1,0.0,0.05,0.15,0.07,0.35,0.05,0.07,0.31
1,0.02,0.0,0.06,0.0,0.0,0.18,0.0,0.1,0.23,0.1,0.31,0.0,0.11,0.29
1,0.05,0.0,0.1,0.0,0.0,0.23,0.0,0.11,0.29,0.2,0.17,0.0,0.16,0.24
1,0.05,0.0,0.15,0.0,0.0,0.29,0.0,0.12,0.31,0.22,0.13,0.0,0.24,0.38
1,0.11,0.0,0.21,0.03,0.0,0.19,0.0,0.11,0.3,0.2,0.12,0.0,0.23,0.45
1,0.07,0.0,0.16,0.03,0.0,0.14,0.0,0.14,0.28,0.12,0.24,0.0,0.15,0.48
1,0.06,0.0,0.08,0.03,0.0,0.02,0.0,0.14,0.26,0.07,0.43,0.0,0.06,0.27
1,0.0,0.0,0.0,0.0,0.0,0.01,0.0,0.13,0.16,0.03,0.58,0.0,0.0,0.17
1,0.0,0.0,0.0,0.02,0.0,0.0,0.0,0.1,0.05,0.01,0.7,0.0,0.0,0.17
1,0.04,0.0,0.0,0.02,0.0,0.0,0.0,0.12,0.0,0.0,0.81,0.0,0.0,0.25
1,0.04,0.0,0.0,0.03,0.0,0.0,0.0,0.13,0.01,0.0,0.88,0.0,0.0,0.3
1,0.04,0.0,0.0,0.01,0.0,0.0,0.0,0.13,0.01,0.0,0.91,0.0,0.0,0.29
1,0.0,0.0,0.0,0.01,0.0,0.0,0.0,0.14,0.01,0.0,0.89,0.02,0.0,0.33
1,0.0,0.0,0.0,0.0,0.0,0.0,0.0,0.12,0.02,0.0,0.91,0.05,0.0,0.3
1,0.0,0.0,0.0,0.0,0.0,0.0,0.0,0.12,0.02,0.03,0.93,0.07,0.0,0.25
1,0.0,0.0,0.0,0.06,0.0,0.0,0.0,0.1,0.08,0.07,0.85,0.08,0.0,0.18
1,0.0,0.0,0.0,0.06,0.0,0.0,0.0,0.12,0.08,0.08,0.84,0.06,0.0,0.15
1,0.0,0.0,0.0,0.06,0.0,0.0,0.0,0.11,0.09,0.07,0.78,0.04,0.0,0.15
1,0.0,0.0,0.0,0.0,0.0,0.08,0.0,0.13,0.35,0.04,0.73,0.16,0.0,0.1
1,0.0,0.0,0.0,0.0,0.0,0.08,0.0,0.12,0.69,0.07,0.76,0.26,0.0,0.06
1,0.0,0.0,0.0,0.0,0.0,0.08,0.0,0.12,1.07,0.06,0.84,0.27,0.0,0.0
1,0.0,0.0,0.0,0.0,0.0,0.0,0.0,0.08,1.17,0.12,0.97,0.21,0.0,0.0
1,0.0,0.0,0.0,0.0,0.0,0.0,0.0,0.05,1.14,0.08,0.94,0.13,0.0,0.0
1,0.04,0.0,0.0,0.0,0.0,0.0,0.0,0.02,1.16,0.12,0.89,0.13,0.0,0.0
1,0.07,0.0,0.0,0.0,0.0,0.0,0.0,0.01,1.12,0.16,0.86,0.09,0.0,0.0
1,0.07,0.0,0.0,0.0,0.0,0.0,0.0,0.0,1.15,0.21,0.88,0.12,0.0,0.0
1,0.02,0.0,0.0,0.0,0.0,0.0,0.0,0.0,1.05,0.21,0.86,0.18,0.0,0.0
1,0.02,0.0,0.0,0.0,0.0,0.0,0.0,0.0,1.02,0.14,0.84,0.15,0.0,0.0
1,0.02,0.0,0.0,0.0,0.0,0.0,0.0,0.0,0.97,0.19,0.79,0.15,0.0,0.0
1,0.02,0.0,0.0,0.0,0.0,0.02,0.0,0.0,0.93,0.26,0.75,0.07,0.0,0.0
1,0.0,0.0,0.0,0.18,0.0,0.07,0.0,0.07,0.82,0.37,0.63,0.07,0.0,0.04
1,0.0,0.0,0.0,0.18,0.0,0.21,0.0,0.09,0.7,0.47,0.55,0.03,0.0,0.04
1,0.0,0.0,0.0,0.18,0.0,0.38,0.0,0.12,0.72,0.54,0.49,0.03,0.0,0.04
1,0.0,0.0,0.0,0.02,0.0,0.46,0.0,0.08,0.78,0.66,0.55,0.0,0.0,0.0
1,0.0,0.0,0.0,0.02,0.0,0.43,0.0,0.11,0.9,0.71,0.59,0.0,0.0,0.01
1,0.0,0.0,0.0,0.02,0.0,0.29,0.0,0.1,0.83,0.68,0.55,0.02,0.0,0.08
1,0.0,0.0,0.0,0.0,0.0,0.22,0.0,0.13,0.76,0.67,0.64,0.02,0.0,0.13
1,0.0,0.0,0.0,0.0,0.0,0.23,0.0,0.1,0.79,0.66,0.67,0.02,0.0,0.25
1,0.0,0.0,0.0,0.01,0.0,0.33,0.0,0.11,0.88,0.59,0.77,0.0,0.0,0.35
1,0.0,0.0,0.0,0.01,0.0,0.38,0.0,0.09,0.76,0.48,0.71,0.0,0.0,0.42
1,0.0,0.0,0.0,0.01,0.0,0.33,0.0,0.1,0.65,0.33,0.66,0.0,0.0,0.52
1,0.0,0.0,0.0,0.0,0.0,0.26,0.0,0.12,0.54,0.29,0.6,0.0,0.0,0.45
1,0.0,0.0,0.0,0.16,0.0,0.17,0.0,0.17,0.6,0.34,0.46,0.0,0.07,0.43
1,0.0,0.0,0.0,0.29,0.0,0.13,0.0,0.33,0.62,0.3,0.37,0.01,0.1,0.22
1,0.0,0.0,0.0,0.37,0.0,0.11,0.0,0.35,0.56,0.31,0.24,0.09,0.1,0.17
1,0.0,0.0,0.0,0.37,0.0,0.18,0.0,0.38,0.59,0.12,0.34,0.09,0.03,0.21
1,0.0,0.0,0.0,0.32,0.0,0.21,0.0,0.36,0.57,0.07,0.35,0.08,0.0,0.2
1,0.0,0.0,0.0,0.23,0.0,0.21,0.0,0.43,0.65,0.0,0.46,0.0,0.07,0.15
1,0.0,0.01,0.0,0.08,0.0,0.18,0.0,0.44,0.66,0.02,0.44,0.0,0.15,0.02
1,0.0,0.01,0.0,0.0,0.0,0.16,0.0,0.4,0.64,0.06,0.42,0.0,0.22,0.02
1,0.0,0.01,0.0,0.0,0.0,0.18,0.0,0.36,0.61,0.13,0.39,0.0,0.24,0.02
1,0.0,0.0,0.0,0.0,0.0,0.15,0.0,0.41,0.65,0.12,0.28,0.0,0.28,0.07
1,0.0,0.0,0.0,0.0,0.0,0.17,0.0,0.45,0.69,0.08,0.3,0.0,0.31,0.14
1,0.0,0.0,0.0,0.0,0.0,0.2,0.0,0.55,0.84,0.03,0.25,0.0,0.28,0.14
1,0.0,0.01,0.0,0.19,0.0,0.21,0.0,0.42,0.8,0.02,0.28,0.0,0.17,0.1
1,0.01,0.01,0.0,0.22,0.0,0.26,0.0,0.29,0.69,0.02,0.23,0.0,0.1,0.08
1,0.01,0.01,0.0,0.3,0.0,0.27,0.0,0.08,0.42,0.0,0.33,0.0,0.04,0.23
1,0.01,0.0,0.0,0.27,0.0,0.3,0.0,0.05,0.22,0.08,0.31,0.0,0.08,0.25
1,0.0,0.0,0.0,0.33,0.0,0.28,0.0,0.02,0.13,0.08,0.39,0.02,0.05,0.25
1,0.0,0.0,0.0,0.41,0.0,0.23,0.0,0.05,0.13,0.1,0.3,0.02,0.06,0.1
1,0.0,0.0,0.0,0.49,0.0,0.24,0.0,0.1,0.2,0.05,0.27,0.0,0.03,0.04
