 success, AU01_r, AU02_r, AU04_r, AU05_r, AU06_r, AU09_r, AU10_r, AU12_r, AU14_r, AU15_r, AU17_r, AU20_r, AU25_r, AU26_r
1,0.09,0.0,0.13,0.0,0.0,0.09,0.0,0.49,1.34,0.63,0.68,0.0,0.26,0.0
1,0.23,0.12,0.33,0.0,0.0,0.08,0.26,0.69,1.67,0.21,0.62,0.0,0.21,0.02
1,0.21,0.12,0.31,0.05,0.0,0.06,0.41,0.73,1.78,0.0,0.57,0.0,0.15,0.02
1,0.1,0.09,0.2,0.05,0.0,0.13,0.46,0.69,1.65,0.0,0.49,0.0,0.12,0.0
1,0.01,0.0,0.1,0.05,0.0,0.15,0.34,0.67,1.52,0.0,0.41,0.0,0.05,0.0
1,0.0,0.0,0.17,0.0,0.0,0.21,0.37,0.69,1.51,0.0,0.38,0.0,0.07,0.02
1,0.0,0.0,0.19,0.0,0.0,0.19,0.34,0.61,1.49,0.0,0.45,0.0,0.14,0.07
1,0.0,0.0,0.21,0.0,0.0,0.17,0.28,0.59,1.45,0.06,0.49,0.0,0.25,0.12
1,0.02,0.0,0.14,0.0,0.0,0.11,0.09,0.58,1.25,0.16,0.5,0.0,0.36,0.11
1,0.05,0.0,0.12,0.03,0.0,0.06,0.04,0.64,1.15,0.18,0.43,0.0,0.39,0.06
1,0.05,0.0,0.14,0.03,0.0,0.06,0.04,0.63,1.08,0.12,0.43,0.0,0.42,0.0
1,0.03,0.0,0.16,0.09,0.0,0.14,0.04,0.5,0.89,0.03,0.41,0.0,0.39,0.0
1,0.0,0.0,0.16,0.06,0.0,0.16,0.0,0.4,0.76,0.0,0.45,0.0,0.26,0.0
1,0.0,0.0,0.16,0.14,0.0,0.22,0.0,0.31,0.64,0.0,0.37,0.0,0.12,0.0
1,0.0,0.0,0.17,0.09,0.0,0.17,0.0,0.34,0.74,0.02,0.35,0.0,0.0,0.0
1,0.0,0.0,0.14,0.09,0.0,0.14,0.0,0.32,0.84,0.06,0.39,0.0,0.0,0.0
1,0.0,0.0,0.14,0.01,0.0,0.04,0.0,0.33,0.91,0.13,0.46,0.0,0.05,0.0
1,0.01,0.0,0.19,0.01,0.0,0.0,0.0,0.31,0.93,0.18,0.52,0.0,0.06,0.0
1,0.05,0.0,0.21,0.01,0.0,0.0,0.0,0.3,0.88,0.17,0.6,0.0,0.06,0.0
1,0.11,0.0,0.3,0.05,0.0,0.0,0.0,0.3,0.84,0.1,0.69,0.0,0.01,0.0
1,0.1,0.0,0.35,0.04,0.0,0.0,0.0,0.32,0.98,0.1,0.76,0.0,0.0,0.0
1,0.06,0.0,0.41,0.04,0.0,0.01,0.0,0.32,0.88,0.1,0.72,0.0,0.0,0.0
1,0.07,0.0,0.36,0.0,0.0,0.04,0.0,0.3,0.8,0.11,0.69,0.0,0.04,0.0
1,0.07,0.0,0.25,0.0,0.0,0.04,0.0,0.19,0.39,0.05,0.65,0.0,0.31,0.0
1,0.1,0.0,0.12,0.07,0.0,0.03,0.0,0.12,0.3,0.02,0.63,0.0,0.47,0.0
1,0.03,0.0,0.02,0.07,0.0,0.0,0.0,0.09,0.11,0.0,0.63,0.0,0.57,0.0
1,0.03,0.0,0.0,0.1,0.0,0.0,0.0,0.08,0.14,0.02,0.67,0.0,0.47,0.0
1,0.01,0.0,0.0,0.14,0.0,0.0,0.0,0.06,0.11,0.02,0.64,0.0,0.54,0.0
1,0.04,0.0,0.0,0.18,0.0,0.0,0.0,0.02,0.13,0.06,0.57,0.0,0.63,0.0
1,0.06,0.0,0.0,0.15,0.0,0.0,0.0,0.04,0.2,0.04,0.43,0.0,0.64,0.0
1,0.05,0.0,0.02,0.04,0.0,0.0,0.0,0.11,0.16,0.07,0.35,0.0,0.64,0.0
1,0.04,0.0,0.02,0.0,0.0,0.0,0.0,0.17,0.11,0.2,0.36,0.0,0.61,0.0
1,0.1,0.01,0.02,0.0,0.0,0.0,0.0,0.19,0.1,0.3,0.42,0.0,0.63,0.0
1,0.19,0.01,0.05,0.0,0.0,0.0,0.0,0.19,0.12,0.35,0.39,0.0,0.59,0.0
1,0.28,0.01,0.09,0.0,0.0,0.0,0.0,0.2,0.18,0.3,0.35,0.0,0.57,0.0
1,0.2,0.01,0.11,0.0,0.0,0.0,0.0,0.23,0.14,0.36,0.61,0.0,0.67,0.22
1,0.11,0.01,0.11,0.0,0.0,0.0,0.0,0.33,0.17,0.45,0.84,0.0,0.65,0.3
1,0.0,0.0,0.13,0.0,0.0,0.0,0.0,0.44,0.16,0.44,1.01,0.0,0.66,0.39
1,0.0,0.0,0.2,0.06,0.0,0.0,0.0,0.53,0.31,0.45,0.89,0.0,0.53,0.32
1,0.0,0.0,0.22,0.06,0.0,0.0,0.0,0.54,0.41,0.35,0.9,0.0,0.49,0.32
1,0.0,0.0,0.23,0.06,0.0,0.0,0.0,0.53,0.51,0.43,0.98,0.0,0.47,0.36
1,0.0,0.0,0.2,0.03,0.0,0.0,0.0,0.53,0.5,0.5,1.08,0.0,0.51,0.42
1,0.0,0.0,0.2,0.08,0.0,0.0,0.0,0.57,0.53,0.64,1.16,0.0,0.61,0.52
1,0.0,0.0,0.19,0.14,0.0,0.0,0.0,0.6,0.58,0.6,1.16,0.0,0.62,0.52
1,0.0,0.0,0.2,0.16,0.0,0.0,0.0,0.63,0.61,0.54,1.06,0.0,0.6,0.42
1,0.0,0.0,0.24,0.1,0.0,0.0,0.0,0.62,0.51,0.46,0.94,0.0,0.49,0.32
1,0.0,0.0,0.25,0.04,0.0,0.0,0.0,0.63,0.43,0.47,0.83,0.0,0.4,0.23
1,0.0,0.0,0.22,0.0,0.0,0.0,0.0,0.54,0.42,0.35,0.79,0.0,0.5,0.23
1,0.0,0.0,0.18,0.0,0.0,0.0,0.0,0.45,0.49,0.21,0.79,0.0,0.63,0.26
1,0.0,0.0,0.16,0.0,0.0,0.0,0.0,0.34,0.48,0.04,0.73,0.0,0.74,0.33
1,0.0,0.0,0.24,0.0,0.0,0.0,0.0,0.32,0.51,0.0,0.66,0.0,0.67,0.21
1,0.07,0.02,0.21,0.0,0.0,0.0,0.0,0.3,0.58,0.0,0.68,0.0,0.67,0.11
1,0.19,0.02,0.22,0.0,0.0,0.0,0.0,0.32,0.66,0.11,0.74,0.0,0.54,0.0
1,0.27,0.02,0.1,0.0,0.0,0.0,0.0,0.39,0.7,0.24,0.88,0.0,0.39,0.0
1,0.28,0.0,0.17,0.0,0.0,0.0,0.0,0.45,0.66,0.31,0.96,0.0,0.19,0.0
1,0.18,0.0,0.14,0.0,0.0,0.0,0.0,0.39,0.79,0.37,1.16,0.0,0.12,0.08
1,0.19,0.0,0.18,0.0,0.0,0.0,0.0,0.24,0.74,0.37,1.27,0.0,0.04,0.08
1,0.12,0.0,0.18,0.0,0.0,0.0,0.0,0.08,0.75,0.48,1.32,0.0,0.0,0.08
1,0.2,0.0,0.28,0.0,0.0,0.0,0.0,0.03,0.58,0.61,1.25,0.0,0.0,0.01
1,0.11,0.0,0.24,0.0,0.0,0.0,0.0,0.01,0.36,0.57,1.3,0.18,0.0,0.24
1,0.14,0.0,0.14,0.16,0.0,0.0,0.0,0.0,0.17,0.48,1.31,0.39,0.0,0.36
1,0.03,0.0,0.02,0.27,0.0,0.0,0.0,0.0,0.0,0.34,1.39,0.54,0.0,0.52
1,0.1,0.0,0.02,0.27,0.0,0.0,0.0,0.0,0.0,0.35,1.43,0.41,0.0,0.33
1,0.1,0.0,0.07,0.13,0.0,0.0,0.0,0.0,0.0,0.38,1.49,0.3,0.0,0.21
1,0.1,0.0,0.05,0.02,0.0,0.0,0.0,0.02,0.0,0.38,1.34,0.38,0.0,0.04
1,0.03,0.0,0.05,0.02,0.0,0.0,0.0,0.02,0.1,0.43,1.23,0.56,0.0,0.0
1,0.02,0.0,0.03,0.0,0.0,0.0,0.0,0.02,0.1,0.62,1.07,0.63,0.0,0.0
1,0.02,0.0,0.03,0.0,0.0,0.0,0.0,0.03,0.19,0.8,1.14,0.61,0.0,0.0
1,0.02,0.0,0.03,0.0,0.0,0.0,0.0,0.07,0.4,0.9,1.0,0.51,0.0,0.0
1,0.0,0.0,0.01,0.0,0.0,0.0,0.0,0.16,0.65,0.8,0.96,0.52,0.0,0.0
1,0.16,0.0,0.06,0.0,0.0,0.0,0.0,0.23,0.84,0.77,0.81,0.45,0.0,0.0
1,0.35,0.0,0.06,0.03,0.0,0.0,0.0,0.25,0.78,0.69,0.8,0.37,0.0,0.0
1,0.59,0.06,0.08,0.03,0.0,0.0,0.0,0.22,0.87,0.78,0.85,0.3,0.0,0.0
1,0.59,0.06,0.03,0.04,0.0,0.0,0.0,0.23,1.0,0.73,0.95,0.3,0.0,0.0
1,0.53,0.06,0.03,0.01,0.0,0.0,0.0,0.32,1.08,0.89,0.96,0.41,0.0,0.0
1,0.45,0.04,0.0,0.01,0.0,0.0,0.0,0.45,1.16,0.84,0.89,0.44,0.0,0.0
1,0.46,0.04,0.01,0.0,0.0,0.0,0.0,0.54,1.24,0.87,0.93,0.43,0.0,0.0
1,0.48,0.04,0.01,0.11,0.0,0.0,0.0,0.59,1.42,0.78,1.04,0.49,0.0,0.0
1,0.42,0.0,0.01,0.17,0.0,0.0,0.0,0.59,1.49,0.75,1.16,0.53,0.0,0.0
1,0.33,0.0,0.03,0.22,0.0,0.0,0.0,0.53,1.5,0.76,1.18,0.56,0.0,0.0
1,0.3,0.0,0.03,0.11,0.0,0.0,0.0,0.47,1.5,0.77,1.25,0.54,0.0,0.0
1,0.2,0.0,0.03,0.05,0.0,0.0,0.0,0.39,1.5,0.75,1.22,0.58,0.0,0.0
1,0.13,0.0,0.0,0.12,0.0,0.0,0.0,0.33,1.44,0.72,1.19,0.55,0.0,0.0
1,0.03,0.0,0.0,0.12,0.0,0.0,0.0,0.2,1.22,0.64,1.19,0.48,0.0,0.0
1,0.03,0.0,0.0,0.12,0.0,0.0,0.0,0.09,1.05,0.64,1.26,0.47,0.0,0.0
1,0.0,0.0,0.0,0.0,0.0,0.0,0.0,0.0,0.92,0.68,1.34,0.55,0.0,0.0
1,0.05,0.0,0.0,0.0,0.0,0.0,0.0,0.0,0.96,0.79,1.36,0.56,0.0,0.0
1,0.05,0.0,0.0,0.0,0.0,0.0,0.0,0.0,1.15,0.73,1.25,0.44,0.0,0.0
1,0.13,0.0,0.0,0.0,0.0,0.0,0.0,0.0,1.29,0.78,1.04,0.23,0.0,0.0
1,0.29,0.0,0.0,0.0,0.0,0.0,0.0,0.0,1.21,0.78,0.92,0.08,0.0,0.0
1,0.29,0.0,0.0,0.0,0.0,0.09,0.0,0.0,1.11,0.95,1.02,0.0,0.07,0.02
1,0.21,0.0,0.0,0.0,0.0,0.09,0.0,0.03,0.92,0.81,1.18,0.0,0.09,0.02
1,0.17,0.07,0.05,0.0,0.0,0.09,0.06,0.09,0.98,0.81,1.35,0.0,0.21,0.02
1,0.28,0.07,0.1,0.0,0.0,0.04,0.21,0.19,1.03,0.68,1.4,0.0,0.14,0.18
1,0.6,0.19,0.19,0.0,0.0,0.08,0.38,0.27,1.23,0.6,1.41,0.0,0.37,0.31
1,0.43,0.13,0.14,0.05,0.0,0.08,0.32,0.31,1.18,0.3,1.17,0.0,0.48,0.58
1,0.32,0.13,0.19,0.08,0.0,0.04,0.17,0.28,0.94,0.09,0.87,0.0,0.64,0.65
1,0.04,0.06,0.25,0.25,0.0,0.0,0.0,0.2,0.67,0.0,0.65,0.0,0.46,0.57
1,0.15,0.06,0.34,0.49,0.0,0.0,0.0,0.16,0.6,0.0,0.55,0.0,0.3,0.46
1,0.32,0.22,0.38,0.69,0.0,0.0,0.0,0.13,0.6,0.0,0.56,0.0,0.22,0.46
1,0.32,0.19,0.37,0.68,0.0,0.0,0.0,0.19,0.62,0.0,0.57,0.0,0.16,0.48
1,0.3,0.23,0.49,0.64,0.0,0.0,0.0,0.22,0.67,0.0,0.54,0.0,0.08,0.47
1,0.27,0.19,0.53,0.54,0.0,0.0,0.0,0.27,0.66,0.0,0.48,0.0,0.07,0.46
1,0.33,0.16,0.51,0.38,0.0,0.0,0.0,0.26,0.63,0.0,0.49,0.0,0.07,0.57
1,0.36,0.13,0.44,0.2,0.0,0.0,0.0,0.27,0.67,0.0,0.5,0.0,0.1,0.54
1,0.26,0.01,0.34,0.16,0.0,0.0,0.0,0.26,0.64,0.0,0.5,0.0,0.03,0.41
1,0.15,0.0,0.36,0.33,0.0,0.0,0.0,0.29,0.61,0.0,0.43,0.0,0.03,0.34
1,0.04,0.0,0.38,0.25,0.0,0.13,0.0,0.29,0.5,0.0,0.28,0.0,0.01,0.41
1,0.0,0.0,0.37,0.2,0.0,0.26,0.0,0.3,0.47,0.0,0.15,0.0,0.07,0.56
1,0.0,0.0,0.37,0.04,0.0,0.44,0.0,0.3,0.37,0.0,0.0,0.0,0.08,0.67
1,0.0,0.0,0.38,0.05,0.0,0.48,0.0,0.35,0.3,0.0,0.0,0.0,0.12,0.67
1,0.0,0.0,0.47,0.01,0.0,0.49,0.0,0.37,0.29,0.0,0.0,0.0,0.05,0.65
1,0.0,0.0,0.52,0.06,0.0,0.49,0.0,0.39,0.3,0.0,0.0,0.0,0.04,0.62
1,0.0,0.0,0.46,0.15,0.0,0.42,0.0,0.42,0.41,0.0,0.0,0.0,0.0,0.63
1,0.0,0.0,0.41,0.23,0.0,0.42,0.0,0.46,0.33,0.0,0.0,0.0,0.0,0.55
1,0.0,0.0,0.34,0.19,0.0,0.32,0.0,0.48,0.43,0.0,0.0,0.0,0.07,0.58
1,0.0,0.0,0.36,0.24,0.0,0.28,0.0,0.5,0.4,0.0,0.0,0.0,0.1,0.63
1,0.0,0.0,0.34,0.27,0.0,0.26,0.0,0.49,0.44,0.0,0.0,0.0,0.11,0.72
1,0.0,0.0,0.35,0.35,0.0,0.35,0.0,0.48,0.32,0.0,0.0,0.0,0.09,0.75
1,0.0,0.0,0.38,0.22,0.0,0.31,0.0,0.46,0.32,0.0,0.04,0.0,0.14,0.83
1,0.07,0.0,0.6,0.15,0.0,0.38,0.0,0.43,0.35,0.0,0.13,0.0,0.14,0.83
1,0.14,0.02,0.75,0.06,0.0,0.34,0.0,0.44,0.43,0.0,0.19,0.0,0.09,0.74
1,0.19,0.02,0.91,0.04,0.0,0.46,0.0,0.41,0.46,0.0,0.23,0.0,0.05,0.75
1,0.16,0.02,0.79,0.0,0.0,0.38,0.0,0.45,0.51,0.0,0.18,0.0,0.03,0.76
1,0.15,0.0,0.79,0.02,0.0,0.37,0.0,0.42,0.51,0.0,0.23,0.0,0.08,0.94
1,0.14,0.0,0.79,0.02,0.0,0.32,0.0,0.45,0.53,0.0,0.24,0.0,0.05,0.91
1,0.22,0.0,0.87,0.02,0.0,0.31,0.0,0.42,0.51,0.0,0.36,0.0,0.05,1.0
1,0.28,0.0,0.89,0.0,0.0,0.3,0.0,0.46,0.51,0.0,0.33,0.0,0.0,0.91
1,0.32,0.0,0.81,0.0,0.0,0.26,0.0,0.45,0.5,0.0,0.31,0.0,0.0,0.96
1,0.3,0.0,0.74,0.0,0.0,0.25,0.0,0.44,0.49,0.0,0.24,0.0,0.0,0.92
1,0.3,0.0,0.69,0.0,0.0,0.24,0.0,0.42,0.51,0.0,0.25,0.0,0.08,0.98
1,0.21,0.0,0.6,0.09,0.0,0.17,0.0,0.39,0.36,0.0,0.19,0.0,0.11,0.87
1,0.11,0.0,0.57,0.11,0.0,0.08,0.0,0.35,0.19,0.0,0.1,0.0,0.17,0.92
1,0.01,0.0,0.57,0.25,0.0,0.0,0.0,0.33,0.05,0.0,0.01,0.0,0.14,0.96
1,0.01,0.0,0.62,0.23,0.0,0.0,0.0,0.34,0.05,0.0,0.0,0.0,0.19,1.08
1,0.01,0.0,0.61,0.21,0.0,0.0,0.0,0.39,0.09,0.0,0.0,0.0,0.21,1.07
1,0.0,0.0,0.55,0.1,0.0,0.0,0.0,0.4,0.12,0.0,0.0,0.0,0.24,1.03
1,0.0,0.0,0.46,0.16,0.0,0.0,0.0,0.37,0.16,0.0,0.0,0.0,0.23,1.0
1,0.0,0.0,0.41,0.28,0.0,0.0,0.0,0.33,0.16,0.0,0.0,0.0,0.22,0.99
1,0.0,0.0,0.37,0.31,0.0,0.0,0.0,0.34,0.15,0.0,0.03,0.0,0.16,0.98
1,0.0,0.0,0.42,0.31,0.0,0.0,0.0,0.36,0.14,0.0,0.04,0.0,0.13,0.9
1,0.0,0.0,0.42,0.34,0.0,0.0,0.0,0.36,0.14,0.0,0.07,0.0,0.06,0.82
1,0.0,0.0,0.45,0.38,0.0,0.0,0.0,0.33,0.14,0.0,0.06,0.0,0.06,0.83
1,0.04,0.01,0.43,0.27,0.0,0.02,0.0,0.25,0.25,0.0,0.05,0.0,0.08,0.8
1,0.08,0.05,0.41,0.26,0.0,0.04,0.0,0.2,0.31,0.0,0.02,0.0,0.08,0.85
1,0.11,0.09,0.38,0.35,0.0,0.08,0.0,0.15,0.39,0.0,0.0,0.0,0.13,0.81
1,0.07,0.18,0.37,0.41,0.0,0.09,0.0,0.21,0.37,0.0,0.0,0.0,0.1,0.9
1,0.03,0.19,0.35,0.41,0.0,0.13,0.0,0.25,0.42,0.0,0.0,0.0,0.12,0.86
1,0.05,0.15,0.35,0.23,0.0,0.13,0.0,0.27,0.45,0.0,0.0,0.0,0.05,0.83
1,0.13,0.14,0.36,0.17,0.0,0.13,0.0,0.24,0.42,0.0,0.0,0.0,0.02,0.72
1,0.13,0.11,0.37,0.12,0.0,0.09,0.0,0.24,0.38,0.0,0.0,0.0,0.0,0.71
1,0.08,0.11,0.35,0.12,0.0,0.07,0.0,0.24,0.33,0.0,0.0,0.0,0.0,0.75
1,0.0,0.12,0.35,0.08,0.0,0.04,0.0,0.24,0.3,0.0,0.01,0.0,0.0,0.8
1,0.02,0.13,0.39,0.02,0.0,0.03,0.0,0.24,0.27,0.0,0.01,0.0,0.06,0.78
1,0.02,0.13,0.36,0.14,0.0,0.01,0.0,0.24,0.24,0.0,0.01,0.0,0.12,0.82
1,0.02,0.04,0.3,0.14,0.0,0.0,0.0,0.18,0.17,0.0,0.06,0.0,0.21,0.88
1,0.0,0.01,0.22,0.13,0.0,0.0,0.0,0.15,0.09,0.0,0.1,0.01,0.21,0.96
1,0.0,0.0,0.22,0.06,0.0,0.0,0.0,0.12,0.0,0.0,0.11,0.01,0.23,0.99
1,0.0,0.0,0.22,0.06,0.0,0.0,0.0,0.14,0.03,0.0,0.05,0.01,0.16,1.04
1,0.0,0.0,0.2,0.07,0.0,0.0,0.0,0.15,0.13,0.0,0.07,0.0,0.15,1.07
1,0.0,0.0,0.18,0.03,0.0,0.0,0.0,0.16,0.19,0.0,0.06,0.0,0.08,0.97
1,0.0,0.0,0.19,0.04,0.0,0.0,0.0,0.18,0.21,0.0,0.06,0.0,0.12,0.94
1,0.0,0.0,0.21,0.03,0.0,0.0,0.0,0.17,0.18,0.0,0.02,0.0,0.07,0.91
1,0.0,0.0,0.24,0.04,0.0,0.0,0.0,0.14,0.2,0.0,0.02,0.0,0.08,1.0
1,0.0,0.0,0.27,0.05,0.0,0.0,0.0,0.17,0.26,0.0,0.02,0.0,0.03,0.98
1,0.01,0.0,0.3,0.07,0.0,0.0,0.0,0.16,0.31,0.0,0.06,0.0,0.04,1.03
1,0.05,0.0,0.32,0.12,0.0,0.0,0.0,0.15,0.36,0.0,0.06,0.0,0.03,0.99
1,0.05,0.0,0.33,0.23,0.0,0.0,0.0,0.16,0.35,0.0,0.07,0.01,0.12,0.84
1,0.04,0.0,0.36,0.31,0.0,0.0,0.0,0.15,0.44,0.0,0.02,0.03,0.15,0.64
1,0.0,0.0,0.35,0.37,0.0,0.0,0.0,0.17,0.54,0.0,0.02,0.06,0.33,0.56
1,0.0,0.0,0.37,0.45,0.0,0.0,0.0,0.14,0.67,0.0,0.0,0.06,0.4,0.55
1,0.0,0.0,0.35,0.51,0.0,0.0,0.0,0.16,0.64,0.0,0.0,0.04,0.51,0.49
1,0.0,0.0,0.37,0.55,0.0,0.0,0.0,0.16,0.59,0.0,0.03,0.01,0.42,0.39
1,0.0,0.0,0.38,0.48,0.0,0.0,0.0,0.16,0.63,0.0,0.08,0.05,0.36,0.39
1,0.0,0.01,0.41,0.32,0.0,0.0,0.0,0.14,0.59,0.0,0.1,0.13,0.27,0.38
1,0.0,0.01,0.42,0.14,0.0,0.0,0.0,0.09,0.57,0.0,0.15,0.19,0.32,0.34
1,0.0,0.01,0.44,0.09,0.0,0.0,0.0,0.04,0.59,0.0,0.17,0.21,0.36,0.3
1,0.0,0.08,0.36,0.09,0.0,0.0,0.0,0.02,0.75,0.0,0.17,0.19,0.48,0.34
1,0.0,0.08,0.3,0.14,0.0,0.0,0.0,0.05,0.89,0.0,0.23,0.23,0.58,0.38
1,0.0,0.08,0.25,0.05,0.0,0.0,0.0,0.12,0.86,0.0,0.35,0.17,0.67,0.32
1,0.0,0.0,0.22,0.05,0.0,0.0,0.0,0.26,0.7,0.0,0.55,0.17,0.79,0.26
1,0.0,0.0,0.2,0.0,0.0,0.0,0.0,0.36,0.67,0.0,0.59,0.13,0.92,0.21
1,0.0,0.0,0.23,0.01,0.0,0.0,0.0,0.38,0.68,0.0,0.7,0.2,0.97,0.15
1,0.0,0.0,0.43,0.01,0.0,0.0,0.0,0.33,0.76,0.01,0.82,0.28,0.94,0.08
1,0.0,0.0,0.5,0.01,0.0,0.0,0.0,0.32,0.65,0.01,1.0,0.28,0.87,0.01
1,0.0,0.0,0.44,0.0,0.0,0.0,0.0,0.26,0.39,0.08,1.0,0.22,0.86,0.0
1,0.0,0.0,0.3,0.0,0.0,0.0,0.0,0.25,0.23,0.22,0.99,0.07,0.94,0.04
1,0.0,0.0,0.31,0.0,0.0,0.0,0.0,0.2,0.1,0.28,0.96,0.0,0.81,0.1
1,0.04,0.0,0.35,0.0,0.0,0.0,0.0,0.23,0.15,0.34,0.87,0.0,0.74,0.1
1,0.04,0.0,0.36,0.0,0.0,0.0,0.0,0.22,0.08,0.37,0.85,0.0,0.45,0.06
1,0.11,0.0,0.31,0.01,0.0,0.0,0.0,0.23,0.08,0.39,0.79,0.0,0.45,0.0
1,0.2,0.0,0.18,0.11,0.0,0.0,0.0,0.17,0.1,0.52,0.89,0.0,0.36,0.15
1,0.39,0.19,0.08,0.14,0.0,0.0,0.0,0.11,0.14,0.51,0.85,0.0,0.32,0.29
1,0.58,0.19,0.0,0.29,0.0,0.0,0.0,0.0,0.19,0.62,0.77,0.0,0.22,0.53
1,0.72,0.2,0.0,0.39,0.0,0.0,0.0,0.0,0.17,0.55,0.61,0.0,0.16,0.6
1,0.82,0.16,0.0,0.67,0.0,0.0,0.0,0.0,0.26,0.56,0.58,0.0,0.33,0.71
1,0.86,0.37,0.0,0.73,0.0,0.0,0.0,0.0,0.34,0.57,0.71,0.0,0.44,0.7
1,0.92,0.58,0.0,0.71,0.0,0.0,0.0,0.0,0.46,0.52,0.8,0.0,0.6,0.69
1,1.17,0.78,0.0,0.46,0.0,0.0,0.0,0.0,0.56,0.59,0.72,0.0,0.52,0.6
1,1.43,1.11,0.0,0.24,0.0,0.0,0.0,0.06,0.52,0.46,0.48,0.0,0.52,0.56
1,1.64,1.45,0.0,0.06,0.0,0.0,0.0,0.18,0.52,0.42,0.37,0.0,0.48,0.58
1,1.61,1.51,0.0,0.0,0.0,0.0,0.0,0.34,0.39,0.28,0.3,0.0,0.61,0.62
1,1.49,1.32,0.0,0.0,0.0,0.0,0.0,0.36,0.48,0.27,0.31,0.0,0.57,0.57
1,1.22,1.02,0.0,0.0,0.0,0.0,0.0,0.23,0.52,0.18,0.56,0.14,0.38,0.35
1,0.83,0.83,0.0,0.0,0.0,0.0,0.0,0.18,0.73,0.08,0.83,0.34,0.13,0.14
1,0.56,0.68,0.0,0.0,0.0,0.0,0.0,0.28,0.89,0.0,1.2,0.6,0.0,0.0
1,0.6,0.74,0.0,0.0,0.0,0.0,0.0,0.48,1.11,0.0,1.29,0.58,0.0,0.0
1,0.75,0.63,0.0,0.0,0.0,0.0,0.0,0.68,1.38,0.13,1.24,0.61,0.0,0.0
1,0.69,0.49,0.0,0.0,0.0,0.0,0.0,0.8,1.62,0.35,1.2,0.55,0.0,0.0
1,0.55,0.3,0.0,0.0,0.0,0.0,0.0,0.98,1.85,0.52,1.06,0.65,0.0,0.0
1,0.43,0.2,0.0,0.0,0.0,0.0,0.0,1.02,1.88,0.65,1.15,0.53,0.0,0.0
1,0.58,0.14,0.0,0.0,0.0,0.0,0.0,1.04,1.95,0.56,1.17,0.45,0.0,0.03
1,0.63,0.02,0.0,0.0,0.0,0.0,0.0,1.01,1.91,0.66,1.17,0.32,0.06,0.15
1,0.7,0.0,0.0,0.0,0.0,0.0,0.0,0.98,1.94,0.62,1.13,0.26,0.22,0.42
1,0.77,0.26,0.0,0.0,0.0,0.0,0.0,0.89,1.69,0.63,1.02,0.14,0.41,0.54
1,0.63,0.26,0.02,0.0,0.0,0.0,0.0,0.61,1.47,0.36,1.06,0.05,0.43,0.51
1,0.52,0.26,0.02,0.0,0.0,0.0,0.0,0.43,1.26,0.2,1.12,0.0,0.33,0.38
1,0.38,0.03,0.06,0.0,0.0,0.0,0.0,0.31,1.25,0.13,1.17,0.0,0.24,0.31
1,0.49,0.03,0.09,0.0,0.0,0.0,0.0,0.39,1.14,0.13,1.17,0.0,0.16,0.2
1,0.53,0.03,0.3,0.0,0.0,0.0,0.0,0.35,1.07,0.11,1.13,0.0,0.1,0.1
1,0.6,0.0,0.37,0.0,0.0,0.0,0.0,0.29,1.02,0.12,1.2,0.0,0.0,0.11
1,0.7,0.07,0.41,0.0,0.0,0.0,0.0,0.25,1.11,0.21,1.27,0.0,0.0,0.28
1,0.81,0.16,0.36,0.0,0.0,0.0,0.0,0.28,1.06,0.36,1.31,0.0,0.02,0.34
1,0.72,0.16,0.42,0.0,0.0,0.0,0.0,0.37,1.0,0.45,1.17,0.0,0.14,0.36
1,0.56,0.08,0.43,0.0,0.0,0.0,0.0,0.48,0.88,0.51,1.13,0.0,0.25,0.32
1,0.46,0.0,0.38,0.0,0.0,0.0,0.0,0.65,0.96,0.65,1.07,0.0,0.61,0.47
1,0.52,0.02,0.52,0.0,0.02,0.0,0.0,0.82,1.2,0.88,1.14,0.1,0.79,0.55
1,0.4,0.02,0.43,0.0,0.02,0.0,0.0,0.91,1.31,0.73,1.0,0.1,0.95,0.55
1,0.27,0.04,0.41,0.0,0.02,0.0,0.0,0.97,1.35,0.4,0.93,0.1,0.8,0.38
1,0.11,0.02,0.26,0.0,0.01,0.0,0.0,1.04,1.17,0.06,0.86,0.0,0.88,0.21
1,0.26,0.02,0.44,0.0,0.08,0.0,0.0,1.11,1.23,0.15,0.96,0.0,0.95,0.15
1,0.49,0.06,0.59,0.0,0.15,0.0,0.0,1.21,1.3,0.15,1.04,0.0,1.1,0.3
1,0.61,0.06,0.59,0.0,0.15,0.0,0.0,1.27,1.4,0.18,1.08,0.0,1.01,0.43
1,0.67,0.06,0.65,0.0,0.11,0.0,0.0,1.28,1.48,0.18,1.07,0.0,1.0,0.38
1,0.59,0.0,0.56,0.0,0.06,0.0,0.0,1.23,1.59,0.33,1.33,0.04,0.9,0.27
1,0.66,0.0,0.54,0.0,0.08,0.0,0.0,1.16,1.66,0.41,1.38,0.07,0.85,0.13
1,0.68,0.0,0.41,0.0,0.08,0.0,0.05,1.15,1.69,0.44,1.28,0.07,0.84,0.36
1,0.72,0.0,0.4,0.0,0.06,0.01,0.16,1.14,1.55,0.33,0.81,0.03,0.85,0.52
1,0.69,0.0,0.29,0.0,0.05,0.01,0.31,1.19,1.67,0.16,0.47,0.0,0.88,0.72
1,0.45,0.0,0.17,0.0,0.02,0.05,0.26,1.08,1.45,0.03,0.34,0.0,0.71,0.76
1,0.28,0.0,0.16,0.0,0.02,0.09,0.14,0.98,1.2,0.0,0.28,0.0,0.54,0.66
1,0.07,0.0,0.2,0.0,0.0,0.17,0.0,0.88,0.8,0.0,0.27,0.0,0.44,0.68
1,0.09,0.0,0.25,0.0,0.0,0.24,0.0,0.94,0.91,0.0,0.25,0.0,0.48,0.62
1,0.06,0.0,0.25,0.0,0.0,0.31,0.0,0.98,1.09,0.0,0.26,0.0,0.48,0.59
1,0.12,0.0,0.27,0.0,0.0,0.34,0.0,1.05,1.33,0.0,0.23,0.0,0.51,0.56
1,0.17,0.0,0.32,0.0,0.0,0.33,0.0,1.14,1.31,0.03,0.12,0.0,0.58,0.56
1,0.17,0.0,0.35,0.0,0.0,0.28,0.0,1.16,1.37,0.03,0.04,0.0,0.75,0.64
1,0.14,0.0,0.42,0.0,0.0,0.25,0.0,1.1,1.28,0.03,0.03,0.0,0.9,0.72
1,0.08,0.0,0.47,0.0,0.0,0.28,0.0,1.05,1.25,0.0,0.02,0.0,0.91,0.75
1,0.04,0.0,0.48,0.0,0.0,0.25,0.0,1.01,1.1,0.01,0.05,0.0,0.74,0.77
1,0.0,0.0,0.47,0.0,0.0,0.18,0.0,1.01,1.09,0.12,0.06,0.0,0.56,0.75
1,0.0,0.0,0.35,0.0,0.0,0.12,0.0,0.84,0.99,0.12,0.19,0.0,0.55,0.86
1,0.02,0.0,0.2,0.0,0.0,0.16,0.0,0.78,0.97,0.11,0.25,0.0,0.63,1.03
1,0.03,0.0,0.03,0.0,0.0,0.26,0.0,0.7,0.83,0.0,0.37,0.0,0.68,1.09
1,0.06,0.0,0.04,0.0,0.0,0.34,0.0,0.74,0.85,0.0,0.35,0.0,0.65,1.09
1,0.1,0.0,0.05,0.0,0.0,0.39,0.0,0.73,0.84,0.0,0.35,0.0,0.68,1.0
1,0.17,0.0,0.05,0.0,0.0,0.4,0.0,0.71,0.86,0.0,0.33,0.0,0.74,1.0
1,0.21,0.0,0.02,0.0,0.0,0.39,0.0,0.73,0.85,0.0,0.35,0.0,0.75,0.87
1,0.22,0.0,0.03,0.0,0.0,0.41,0.0,0.75,0.84,0.0,0.4,0.0,0.77,0.82
1,0.19,0.0,0.07,0.0,0.0,0.4,0.0,0.77,0.87,0.0,0.45,0.0,0.76,0.79
1,0.17,0.0,0.11,0.0,0.0,0.35,0.0,0.77,0.88,0.0,0.47,0.0,0.77,0.82
1,0.11,0.0,0.09,0.0,0.0,0.27,0.0,0.77,0.94,0.0,0.42,0.0,0.8,0.83
1,0.04,0.0,0.07,0.0,0.0,0.23,0.0,0.77,0.95,0.0,0.43,0.0,0.76,0.85
1,0.0,0.0,0.12,0.0,0.0,0.15,0.0,0.74,1.03,0.0,0.33,0.0,0.69,0.88
1,0.0,0.0,0.27,0.0,0.0,0.09,0.0,0.76,1.27,0.0,0.26,0.0,0.54,1.04
1,0.0,0.0,0.42,0.0,0.0,0.07,0.0,0.8,1.45,0.0,0.13,0.0,0.47,1.13
1,0.0,0.0,0.47,0.0,0.0,0.11,0.0,0.87,1.59,0.0,0.16,0.0,0.49,1.22
1,0.0,0.0,0.47,0.0,0.0,0.15,0.0,0.9,1.54,0.0,0.19,0.0,0.54,1.19
1,0.0,0.0,0.43,0.0,0.0,0.15,0.0,0.9,1.57,0.0,0.21,0.0,0.54,1.22
1,0.0,0.0,0.41,0.0,0.0,0.13,0.0,0.87,1.59,0.0,0.18,0.0,0.45,1.26
1,0.01,0.0,0.45,0.0,0.0,0.1,0.0,0.84,1.56,0.0,0.11,0.0,0.33,1.23
1,0.02,0.0,0.5,0.0,0.0,0.13,0.0,0.82,1.56,0.0,0.1,0.0,0.25,1.28
1,0.02,0.0,0.49,0.0,0.0,0.1,0.0,0.86,1.53,0.0,0.1,0.0,0.26,1.28
1,0.02,0.0,0.43,0.0,0.0,0.08,0.0,0.9,1.55,0.0,0.14,0.0,0.33,1.34
1,0.02,0.0,0.38,0.0,0.0,0.01,0.0,0.92,1.54,0.0,0.18,0.0,0.36,1.3
1,0.02,0.0,0.38,0.0,0.0,0.01,0.0,0.85,1.33,0.0,0.13,0.02,0.33,1.07
1,0.02,0.0,0.39,0.0,0.0,0.0,0.0,0.78,1.07,0.0,0.12,0.05,0.29,0.87
1,0.0,0.0,0.42,0.0,0.0,0.0,0.0,0.72,0.87,0.0,0.11,0.1,0.26,0.67
1,0.0,0.0,0.43,0.0,0.0,0.0,0.0,0.73,0.93,0.0,0.16,0.1,0.25,0.68
1,0.0,0.0,0.44,0.0,0.0,0.0,0.0,0.72,1.04,0.0,0.2,0.07,0.2,0.65
1,0.0,0.0,0.36,0.0,0.0,0.0,0.0,0.72,1.05,0.0,0.28,0.02,0.2,0.72
1,0.0,0.0,0.28,0.0,0.0,0.0,0.0,0.69,1.0,0.0,0.46,0.04,0.13,0.75
1,0.05,0.0,0.22,0.0,0.0,0.0,0.0,0.72,1.0,0.0,0.53,0.04,0.14,0.79
1,0.1,0.0,0.19,0.0,0.0,0.0,0.0,0.73,1.08,0.0,0.53,0.04,0.13,0.7
1,0.15,0.0,0.2,0.0,0.0,0.0,0.0,0.75,1.11,0.0,0.45,0.0,0.19,0.71
1,0.18,0.0,0.11,0.0,0.0,0.0,0.0,0.75,1.17,0.0,0.54,0.11,0.13,0.62
1,0.21,0.0,0.09,0.0,0.0,0.0,0.0,0.77,1.2,0.0,0.53,0.14,0.06,0.67
1,0.16,0.0,0.07,0.0,0.0,0.0,0.0,0.71,1.16,0.0,0.39,0.22,0.08,0.72
1,0.08,0.0,0.13,0.0,0.0,0.0,0.0,0.68,1.16,0.0,0.18,0.2,0.16,0.9
1,0.0,0.0,0.18,0.0,0.0,0.01,0.0,0.63,1.21,0.0,0.05,0.22,0.22,0.98
1,0.0,0.0,0.2,0.0,0.0,0.01,0.0,0.69,1.36,0.0,0.05,0.15,0.24,1.09
1,0.0,0.0,0.21,0.0,0.0,0.02,0.0,0.7,1.42,0.0,0.03,0.06,0.25,1.15
1,0.0,0.0,0.22,0.0,0.0,0.01,0.0,0.71,1.4,0.0,0.0,0.0,0.28,1.12
1,0.0,0.0,0.26,0.0,0.0,0.01,0.0,0.72,1.38,0.0,0.0,0.03,0.28,1.04
1,0.0,0.0,0.33,0.0,0.0,0.01,0.0,0.73,1.32,0.0,0.0,0.04,0.31,1.01
1,0.0,0.0,0.4,0.0,0.0,0.01,0.0,0.77,1.29,0.0,0.0,0.04,0.35,1.07
1,0.0,0.0,0.43,0.0,0.0,0.01,0.0,0.79,1.28,0.0,0.0,0.01,0.37,1.16
1,0.0,0.0,0.44,0.0,0.0,0.0,0.0,0.8,1.25,0.0,0.0,0.0,0.32,1.26
1,0.0,0.0,0.42,0.0,0.0,0.0,0.0,0.8,1.22,0.0,0.0,0.0,0.27,1.3
1,0.0,0.0,0.36,0.0,0.0,0.0,0.0,0.73,1.13,0.0,0.03,0.0,0.15,0.95
1,0.0,0.0,0.3,0.0,0.0,0.0,0.0,0.7,1.09,0.0,0.12,0.12,0.09,0.47
1,0.0,0.0,0.26,0.0,0.0,0.0,0.0,0.65,1.08,0.0,0.3,0.27,0.0,0.06
1,0.0,0.0,0.24,0.0,0.0,0.0,0.0,0.66,1.07,0.04,0.41,0.41,0.0,0.01
1,0.0,0.0,0.25,0.0,0.0,0.0,0.0,0.64,1.03,0.04,0.47,0.44,0.0,0.05
1,0.0,0.0,0.28,0.0,0.0,0.0,0.0,0.63,1.0,0.09,0.46,0.48,0.0,0.07
1,0.0,0.0,0.31,0.0,0.0,0.0,0.0,0.63,1.02,0.07,0.43,0.48,0.0,0.06
1,0.0,0.0,0.26,0.0,0.0,0.0,0.0,0.6,1.05,0.08,0.42,0.46,0.0,0.02
1,0.0,0.0,0.24,0.0,0.0,0.0,0.0,0.61,1.08,0.04,0.41,0.42,0.0,0.0
1,0.0,0.0,0.24,0.0,0.0,0.0,0.0,0.6,1.09,0.02,0.36,0.31,0.0,0.0
1,0.0,0.0,0.21,0.0,0.0,0.0,0.0,0.61,1.07,0.0,0.34,0.27,0.0,0.0
1,0.0,0.0,0.15,0.0,0.0,0.0,0.0,0.57,1.06,0.0,0.34,0.26,0.0,0.0
1,0.0,0.0,0.1,0.0,0.0,0.0,0.0,0.43,0.9,0.0,0.31,0.4,0.0,0.02
1,0.0,0.0,0.08,0.0,0.0,0.0,0.0,0.32,0.81,0.0,0.24,0.36,0.0,0.02
1,0.0,0.0,0.05,0.0,0.0,0.0,0.0,0.24,0.66,0.0,0.12,0.28,0.0,0.02
1,0.0,0.0,0.05,0.0,0.0,0.0,0.0,0.29,0.7,0.0,0.18,0.15,0.0,0.03
1,0.0,0.0,0.06,0.0,0.0,0.01,0.0,0.28,0.73,0.0,0.21,0.09,0.0,0.08
1,0.0,0.0,0.13,0.0,0.0,0.01,0.0,0.29,0.83,0.0,0.25,0.07,0.0,0.16
1,0.0,0.0,0.18,0.0,0.0,0.01,0.0,0.27,0.88,0.0,0.34,0.09,0.0,0.23
1,0.0,0.0,0.21,0.0,0.0,0.0,0.0,0.29,1.02,0.0,0.39,0.21,0.0,0.23
1,0.0,0.0,0.19,0.0,0.0,0.0,0.0,0.32,1.18,0.0,0.43,0.35,0.0,0.26
1,0.0,0.0,0.12,0.0,0.0,0.0,0.0,0.35,1.34,0.0,0.41,0.39,0.0,0.26
1,0.0,0.0,0.05,0.0,0.0,0.0,0.0,0.39,1.27,0.0,0.44,0.41,0.0,0.33
1,0.0,0.0,0.03,0.0,0.0,0.0,0.0,0.37,1.29,0.0,0.5,0.41,0.0,0.36
1,0.0,0.0,0.02,0.0,0.0,0.0,0.0,0.31,1.23,0.0,0.59,0.52,0.01,0.26
1,0.0,0.0,0.02,0.0,0.0,0.0,0.0,0.34,1.33,0.0,0.71,0.55,0.09,0.13
1,0.0,0.0,0.0,0.0,0.0,0.0,0.0,0.37,1.28,0.0,0.77,0.54,0.18,0.0
1,0.0,0.0,0.0,0.0,0.0,0.0,0.0,0.48,1.29,0.0,0.69,0.45,0.34,0.0
1,0.0,0.0,0.0,0.0,0.0,0.0,0.0,0.47,1.32,0.0,0.69,0.39,0.43,0.0
1,0.03,0.0,0.04,0.0,0.0,0.0,0.0,0.48,1.35,0.0,0.66,0.44,0.42,0.0
1,0.07,0.0,0.08,0.0,0.0,0.0,0.0,0.47,1.43,0.0,0.78,0.51,0.36,0.01
1,0.1,0.0,0.11,0.0,0.0,0.0,0.0,0.47,1.49,0.0,0.74,0.58,0.29,0.01
1,0.11,0.0,0.08,0.0,0.0,0.0,0.0,0.48,1.5,0.0,0.72,0.49,0.29,0.01
1,0.18,0.0,0.07,0.0,0.0,0.0,0.0,0.49,1.53,0.0,0.63,0.47,0.27,0.0
1,0.21,0.0,0.05,0.0,0.0,0.0,0.0,0.49,1.47,0.0,0.63,0.42,0.19,0.0
1,0.18,0.0,0.03,0.0,0.0,0.0,0.0,0.45,1.46,0.0,0.64,0.41,0.12,0.0
1,0.07,0.0,0.0,0.0,0.0,0.0,0.0,0.41,1.38,0.0,0.66,0.65,0.04,0.0
1,0.02,0.0,0.06,0.0,0.0,0.0,0.0,0.36,1.29,0.0,0.72,0.85,0.01,0.0
1,0.0,0.0,0.09,0.0,0.0,0.0,0.0,0.32,1.25,0.0,0.76,1.03,0.0,0.0
1,0.0,0.0,0.11,0.0,0.0,0.0,0.0,0.29,1.29,0.0,0.77,0.98,0.0,0.0
1,0.0,0.0,0.07,0.0,0.0,0.0,0.0,0.3,1.35,0.0,0.7,0.92,0.0,0.0
1,0.0,0.0,0.06,0.0,0.0,0.0,0.0,0.32,1.33,0.0,0.69,0.92,0.0,0.0
1,0.03,0.0,0.04,0.0,0.0,0.0,0.0,0.35,1.25,0.0,0.79,0.88,0.0,0.0
1,0.03,0.0,0.02,0.0,0.0,0.0,0.0,0.33,1.19,0.0,0.83,0.88,0.0,0.0
1,0.1,0.0,0.0,0.0,0.0,0.0,0.0,0.33,1.19,0.0,0.76,0.87,0.0,0.0
1,0.12,0.0,0.0,0.0,0.0,0.0,0.0,0.3,1.2,0.0,0.62,0.89,0.0,0.0
1,0.12,0.0,0.05,0.0,0.0,0.0,0.0,0.29,1.3,0.0,0.53,0.94,0.0,0.0
1,0.13,0.0,0.1,0.0,0.0,0.0,0.0,0.29,1.29,0.0,0.55,0.91,0.0,0.0
1,0.08,0.0,0.2,0.0,0.0,0.0,0.0,0.32,1.2,0.0,0.7,0.84,0.0,0.0
1,0.08,0.0,0.16,0.0,0.0,0.0,0.0,0.32,0.98,0.0,0.91,0.69,0.0,0.0
1,0.0,0.0,0.11,0.0,0.0,0.0,0.0,0.27,0.83,0.0,1.11,0.59,0.0,0.0
1,0.0,0.0,0.04,0.0,0.0,0.0,0.0,0.2,0.7,0.02,1.14,0.48,0.0,0.0
1,0.0,0.0,0.03,0.0,0.0,0.0,0.0,0.23,0.71,0.02,1.09,0.42,0.0,0.0
1,0.0,0.0,0.12,0.0,0.0,0.0,0.0,0.19,0.7,0.02,0.96,0.44,0.0,0.08
1,0.0,0.0,0.19,0.0,0.0,0.0,0.0,0.2,0.7,0.05,0.81,0.41,0.0,0.25
1,0.0,0.0,0.3,0.0,0.0,0.0,0.0,0.12,0.57,0.09,0.68,0.4,0.02,0.46
1,0.0,0.0,0.33,0.0,0.0,0.0,0.0,0.15,0.51,0.13,0.61,0.28,0.02,0.5
1,0.0,0.0,0.27,0.0,0.0,0.0,0.0,0.18,0.4,0.19,0.57,0.19,0.02,0.56
1,0.0,0.0,0.26,0.0,0.0,0.0,0.0,0.21,0.29,0.24,0.52,0.16,0.12,0.55
1,0.0,0.0,0.13,0.0,0.0,0.0,0.0,0.25,0.1,0.2,0.39,0.14,0.26,0.63
1,0.06,0.0,0.16,0.0,0.0,0.0,0.0,0.22,0.14,0.14,0.42,0.21,0.47,0.52
1,0.18,0.0,0.09,0.0,0.0,0.0,0.0,0.23,0.18,0.2,0.59,0.28,0.59,0.34
1,0.24,0.0,0.09,0.0,0.0,0.0,0.0,0.19,0.24,0.35,0.81,0.36,0.66,0.25
1,0.3,0.0,0.09,0.0,0.0,0.0,0.0,0.22,0.16,0.38,0.83,0.42,0.74,0.27
1,0.42,0.0,0.13,0.0,0.0,0.0,0.0,0.23,0.25,0.31,0.77,0.42,0.71,0.32
1,0.75,0.2,0.31,0.0,0.0,0.0,0.0,0.22,0.44,0.24,0.67,0.4,0.73,0.23
1,1.2,0.55,0.4,0.0,0.0,0.0,0.0,0.22,0.68,0.21,0.69,0.49,0.62,0.11
1,1.5,0.77,0.4,0.0,0.0,0.0,0.0,0.31,0.8,0.23,0.72,0.38,0.52,0.03
1,1.59,0.73,0.47,0.0,0.0,0.0,0.0,0.45,0.95,0.24,0.73,0.33,0.35,0.0
1,1.38,0.58,0.43,0.0,0.0,0.0,0.0,0.63,1.13,0.23,0.68,0.2,0.27,0.0
1,1.24,0.47,0.44,0.0,0.0,0.0,0.0,0.78,1.3,0.21,0.55,0.16,0.28,0.0
1,1.07,0.37,0.35,0.0,0.0,0.0,0.0,0.92,1.32,0.12,0.55,0.11,0.47,0.0
1,0.72,0.17,0.25,0.0,0.0,0.0,0.0,0.87,1.29,0.11,0.57,0.2,0.48,0.0
1,0.31,0.06,0.16,0.0,0.0,0.0,0.0,0.81,1.36,0.14,0.64,0.33,0.36,0.0
1,0.0,0.0,0.02,0.0,0.0,0.0,0.0,0.77,1.54,0.31,0.62,0.42,0.11,0.07
1,0.0,0.0,0.03,0.0,0.0,0.0,0.0,0.85,1.71,0.28,0.49,0.23,0.03,0.25
1,0.0,0.0,0.03,0.0,0.0,0.0,0.0,0.87,1.79,0.29,0.42,0.08,0.03,0.34
1,0.0,0.0,0.04,0.0,0.0,0.0,0.0,0.84,1.82,0.18,0.45,0.0,0.03,0.31
1,0.0,0.0,0.1,0.0,0.0,0.0,0.0,0.79,1.8,0.38,0.73,0.0,0.08,0.3
1,0.0,0.0,0.11,0.0,0.03,0.0,0.0,0.8,1.79,0.6,0.97,0.0,0.23,0.44
1,0.02,0.0,0.17,0.0,0.07,0.0,0.0,0.72,1.68,0.82,0.98,0.0,0.53,0.73
1,0.15,0.0,0.13,0.0,0.13,0.0,0.0,0.74,1.66,0.93,1.01,0.0,0.89,0.95
1,0.43,0.16,0.12,0.0,0.1,0.0,0.0,0.75,1.55,0.89,1.09,0.0,1.28,0.96
1,0.8,0.26,0.08,0.0,0.06,0.0,0.0,0.82,1.37,0.89,1.21,0.0,1.56,0.69
1,0.89,0.32,0.02,0.14,0.0,0.0,0.0,0.77,1.03,0.58,1.02,0.0,1.73,0.29
1,0.93,0.32,0.02,0.42,0.0,0.0,0.0,0.76,0.84,0.31,0.74,0.0,1.87,0.11
1,0.89,0.26,0.0,0.63,0.0,0.0,0.0,0.79,0.85,0.04,0.47,0.0,2.03,0.11
1,1.09,0.25,0.0,0.68,0.0,0.0,0.0,0.84,0.95,0.16,0.45,0.0,1.86,0.16
1,1.24,0.29,0.0,0.48,0.0,0.0,0.0,0.74,1.21,0.37,0.63,0.0,1.37,0.14
1,1.5,0.6,0.0,0.27,0.0,0.0,0.0,0.53,1.42,0.56,0.78,0.0,0.64,0.09
1,1.65,0.88,0.0,0.09,0.0,0.0,0.0,0.43,1.78,0.68,0.92,0.0,0.19,0.04
1,1.67,1.0,0.0,0.04,0.03,0.0,0.0,0.41,2.02,0.61,0.9,0.0,0.0,0.0
1,1.41,0.92,0.0,0.35,0.03,0.0,0.0,0.53,2.11,0.49,0.85,0.0,0.0,0.0
1,1.17,0.7,0.0,0.34,0.03,0.0,0.0,0.57,1.91,0.23,0.69,0.0,0.0,0.0
1,0.91,0.38,0.0,0.31,0.0,0.0,0.0,0.61,1.65,0.12,0.71,0.0,0.13,0.0
1,0.9,0.1,0.0,0.0,0.0,0.0,0.0,0.67,1.67,0.26,0.91,0.0,0.34,0.04
1,0.69,0.0,0.18,0.0,0.01,0.0,0.0,0.67,1.88,0.51,1.28,0.0,0.56,0.08
1,0.56,0.0,0.44,0.0,0.05,0.0,0.0,0.67,2.05,0.66,1.49,0.0,0.65,0.08
1,0.32,0.0,0.75,0.0,0.06,0.0,0.0,0.61,1.95,0.65,1.59,0.0,0.71,0.04
1,0.35,0.0,0.76,0.0,0.1,0.0,0.0,0.71,1.83,0.52,1.51,0.0,0.93,0.0
1,0.32,0.0,0.72,0.0,0.12,0.0,0.0,0.84,1.56,0.5,1.4,0.0,1.52,0.0
1,0.22,0.0,0.77,0.0,0.18,0.01,0.0,0.88,1.45,0.51,1.39,0.0,1.91,0.0
1,0.35,0.0,1.04,0.0,0.19,0.01,0.0,0.92,1.52,0.77,1.54,0.0,2.09,0.13
1,0.81,0.21,1.3,0.0,0.27,0.04,0.0,0.97,1.83,0.83,1.61,0.0,1.7,0.13
1,1.27,0.38,1.4,0.0,0.34,0.13,0.24,1.09,2.27,1.18,1.69,0.0,1.71,0.41
1,1.57,0.75,1.42,0.0,0.39,0.13,0.37,1.15,2.54,1.37,1.56,0.0,1.97,0.62
1,1.57,0.73,1.32,0.0,0.25,0.09,0.43,1.04,2.72,1.61,1.59,0.0,2.46,1.01
1,1.69,0.99,1.41,0.0,0.11,0.0,0.27,1.01,2.58,1.41,1.42,0.0,2.86,1.13
1,1.29,0.75,1.2,0.0,0.05,0.0,0.14,0.96,2.12,0.97,1.19,0.1,2.55,0.94
1,1.02,0.76,1.12,0.0,0.11,0.0,0.08,1.12,1.84,0.64,0.77,0.17,2.25,0.78
1,0.61,0.33,0.88,0.0,0.2,0.0,0.0,1.25,1.71,0.37,0.48,0.17,1.75,0.62
1,0.73,0.34,0.87,0.0,0.17,0.07,0.0,1.33,1.91,0.41,0.39,0.08,1.85,0.71
1,0.79,0.37,0.83,0.01,0.11,0.09,0.0,1.37,1.94,0.38,0.4,0.0,1.77,0.68
1,0.87,0.52,0.81,0.01,0.06,0.13,0.0,1.38,1.91,0.31,0.38,0.0,1.88,0.8
1,0.85,0.57,0.85,0.01,0.05,0.16,0.0,1.39,1.91,0.15,0.34,0.0,1.77,1.0
1,0.82,0.66,0.77,0.0,0.13,0.35,0.0,1.36,1.83,0.05,0.3,0.0,1.64,1.24
1,0.79,0.71,0.75,0.0,0.18,0.42,0.0,1.35,1.84,0.0,0.28,0.0,1.38,1.37
1,0.89,0.88,0.83,0.0,0.23,0.41,0.0,1.36,1.81,0.0,0.31,0.0,1.25,1.31
1,0.96,1.03,0.86,0.0,0.19,0.2,0.05,1.39,1.79,0.0,0.47,0.0,1.26,1.28
1,0.96,1.05,0.87,0.0,0.12,0.1,0.05,1.38,1.68,0.0,0.53,0.0,1.2,1.02
1,0.62,0.68,0.58,0.0,0.06,0.21,0.05,1.26,1.59,0.1,0.47,0.02,1.05,0.97
1,0.28,0.23,0.51,0.0,0.02,0.4,0.01,1.09,1.54,0.12,0.28,0.02,0.85,0.91
1,0.0,0.0,0.43,0.0,0.03,0.56,0.0,0.97,1.43,0.12,0.22,0.02,0.73,0.95
1,0.0,0.0,0.45,0.0,0.05,0.5,0.0,0.99,1.37,0.06,0.25,0.0,0.67,0.97
1,0.0,0.0,0.49,0.0,0.04,0.49,0.0,1.01,1.29,0.06,0.35,0.0,0.55,0.89
1,0.0,0.0,0.42,0.0,0.04,0.53,0.0,1.01,1.28,0.12,0.51,0.0,0.5,0.92
1,0.0,0.0,0.39,0.0,0.03,0.54,0.0,0.96,1.26,0.31,0.6,0.0,0.54,0.86
1,0.0,0.0,0.35,0.0,0.03,0.48,0.0,0.92,1.21,0.43,0.72,0.0,0.53,0.86
1,0.0,0.0,0.34,0.0,0.01,0.39,0.0,0.89,1.13,0.47,0.74,0.0,0.49,0.88
1,0.0,0.0,0.39,0.0,0.01,0.32,0.0,0.88,1.0,0.35,0.72,0.0,0.37,0.82
1,0.0,0.0,0.45,0.0,0.04,0.31,0.0,0.92,0.98,0.31,0.65,0.0,0.49,0.83
1,0.0,0.0,0.39,0.0,0.04,0.3,0.0,0.86,0.99,0.32,0.56,0.01,0.54,0.84
1,0.0,0.0,0.25,0.0,0.04,0.22,0.0,0.77,1.11,0.21,0.47,0.01,0.4,0.99
1,0.0,0.0,0.1,0.01,0.0,0.1,0.0,0.65,1.14,0.11,0.43,0.01,0.29,1.05
1,0.0,0.0,0.05,0.01,0.0,0.0,0.0,0.63,1.13,0.0,0.44,0.0,0.27,1.09
1,0.0,0.0,0.08,0.01,0.0,0.0,0.0,0.65,1.03,0.0,0.58,0.0,0.51,1.06
1,0.0,0.0,0.05,0.0,0.0,0.0,0.0,0.66,0.98,0.0,0.61,0.0,0.54,1.05
1,0.0,0.0,0.03,0.0,0.0,0.0,0.0,0.64,0.98,0.0,0.64,0.0,0.57,1.07
1,0.0,0.0,0.0,0.0,0.0,0.0,0.0,0.62,1.02,0.0,0.64,0.0,0.52,1.06
1,0.0,0.0,0.01,0.0,0.0,0.01,0.0,0.61,1.03,0.0,0.67,0.0,0.53,1.05
1,0.0,0.0,0.04,0.0,0.0,0.03,0.0,0.64,1.11,0.0,0.69,0.0,0.46,0.97
1,0.0,0.0,0.05,0.0,0.0,0.04,0.0,0.65,1.15,0.0,0.65,0.0,0.43,0.94
1,0.0,0.0,0.05,0.0,0.0,0.05,0.0,0.67,1.23,0.0,0.64,0.0,0.39,0.96
1,0.0,0.0,0.02,0.0,0.0,0.04,0.0,0.67,1.22,0.0,0.58,0.0,0.43,1.03
1,0.0,0.0,0.25,0.0,0.0,0.11,0.0,0.69,1.14,0.0,0.53,0.0,0.49,1.0
1,0.09,0.11,0.5,0.0,0.0,0.16,0.0,0.75,1.01,0.02,0.53,0.01,0.68,1.1
1,0.2,0.25,0.75,0.01,0.0,0.23,0.0,0.78,0.98,0.02,0.59,0.04,0.78,1.09
1,0.26,0.37,0.75,0.01,0.0,0.24,0.0,0.82,0.96,0.02,0.6,0.06,0.82,1.2
1,0.23,0.36,0.73,0.01,0.0,0.22,0.0,0.8,0.99,0.0,0.62,0.13,0.78,1.21
1,0.16,0.31,0.74,0.0,0.0,0.2,0.0,0.8,0.91,0.0,0.61,0.16,0.8,1.31
1,0.1,0.35,0.74,0.0,0.0,0.19,0.0,0.8,0.91,0.0,0.57,0.22,0.84,1.31
1,0.04,0.38,0.72,0.0,0.0,0.23,0.0,0.77,0.89,0.0,0.46,0.23,0.82,1.28
1,0.0,0.33,0.66,0.0,0.0,0.26,0.0,0.75,0.88,0.0,0.33,0.31,0.8,1.29
1,0.0,0.18,0.66,0.0,0.0,0.24,0.0,0.71,0.81,0.0,0.3,0.39,0.8,1.34
1,0.0,0.06,0.67,0.0,0.0,0.21,0.0,0.69,0.73,0.0,0.29,0.44,0.83,1.35
1,0.0,0.02,0.65,0.0,0.0,0.17,0.0,0.68,0.74,0.0,0.3,0.41,0.83,1.33
1,0.0,0.02,0.6,0.0,0.0,0.1,0.0,0.62,0.76,0.0,0.33,0.26,0.72,1.33
1,0.04,0.06,0.5,0.05,0.0,0.12,0.0,0.62,0.81,0.0,0.36,0.12,0.7,1.41
1,0.1,0.05,0.49,0.07,0.0,0.16,0.0,0.59,0.79,0.0,0.38,0.0,0.64,1.49
1,0.16,0.05,0.45,0.09,0.0,0.21,0.0,0.65,0.78,0.0,0.4,0.0,0.68,1.56
1,0.17,0.0,0.47,0.04,0.0,0.19,0.0,0.63,0.78,0.0,0.39,0.0,0.71,1.56
1,0.22,0.04,0.47,0.05,0.0,0.2,0.0,0.63,0.81,0.0,0.4,0.0,0.76,1.59
1,0.2,0.04,0.41,0.13,0.0,0.23,0.0,0.61,0.83,0.0,0.32,0.0,0.85,1.6
1,0.21,0.04,0.35,0.16,0.0,0.24,0.0,0.58,0.84,0.0,0.32,0.0,0.79,1.63
1,0.12,0.0,0.27,0.14,0.0,0.23,0.0,0.57,0.8,0.0,0.26,0.0,0.74,1.6
1,0.1,0.0,0.26,0.07,0.0,0.22,0.0,0.58,0.78,0.0,0.25,0.0,0.7,1.63
1,0.07,0.0,0.26,0.1,0.0,0.19,0.0,0.56,0.78,0.0,0.26,0.0,0.66,1.66
1,0.06,0.0,0.21,0.08,0.0,0.16,0.0,0.56,0.81,0.0,0.27,0.0,0.59,1.72
1,0.03,0.0,0.22,0.04,0.0,0.09,0.0,0.41,0.8,0.0,0.23,0.0,0.51,1.48
1,0.0,0.0,0.25,0.0,0.0,0.05,0.0,0.34,0.87,0.0,0.17,0.0,0.43,1.27
1,0.0,0.0,0.3,0.0,0.0,0.0,0.0,0.23,0.88,0.0,0.16,0.0,0.44,1.05
1,0.0,0.0,0.35,0.0,0.0,0.0,0.0,0.25,0.93,0.0,0.21,0.0,0.44,1.12
1,0.04,0.0,0.39,0.0,0.0,0.0,0.0,0.26,0.89,0.0,0.28,0.0,0.5,1.14
1,0.06,0.0,0.42,0.0,0.0,0.0,0.0,0.25,0.9,0.0,0.32,0.0,0.51,1.16
1,0.06,0.0,0.38,0.0,0.0,0.0,0.0,0.24,0.93,0.0,0.34,0.01,0.51,1.15
1,0.03,0.0,0.37,0.0,0.0,0.0,0.0,0.25,0.95,0.0,0.32,0.01,0.42,1.15
1,0.01,0.0,0.36,0.0,0.0,0.0,0.0,0.27,0.96,0.0,0.32,0.01,0.32,1.16
1,0.01,0.0,0.39,0.0,0.0,0.0,0.0,0.27,0.95,0.0,0.3,0.0,0.23,1.16
1,0.05,0.0,0.36,0.0,0.0,0.0,0.0,0.22,0.95,0.01,0.3,0.0,0.22,1.24
1,0.11,0.0,0.38,0.0,0.0,0.0,0.0,0.21,0.94,0.01,0.27,0.0,0.21,1.31
1,0.11,0.0,0.34,0.0,0.0,0.0,0.0,0.21,0.81,0.01,0.32,0.02,0.22,1.13
1,0.07,0.0,0.38,0.0,0.0,0.01,0.0,0.26,0.73,0.0,0.43,0.02,0.23,0.97
1,0.0,0.0,0.45,0.08,0.0,0.04,0.0,0.28,0.73,0.0,0.58,0.04,0.2,0.85
1,0.0,0.0,0.55,0.17,0.0,0.07,0.0,0.33,0.84,0.0,0.64,0.02,0.16,0.97
1,0.0,0.0,0.56,0.18,0.0,0.1,0.0,0.33,0.86,0.0,0.63,0.02,0.15,1.0
1,0.0,0.0,0.56,0.11,0.0,0.11,0.0,0.34,0.81,0.0,0.59,0.0,0.17,1.03
1,0.0,0.0,0.52,0.04,0.0,0.09,0.0,0.32,0.71,0.0,0.56,0.0,0.22,1.06
1,0.0,0.0,0.51,0.15,0.0,0.05,0.0,0.3,0.75,0.0,0.52,0.0,0.16,1.1
1,0.0,0.0,0.48,0.14,0.0,0.01,0.0,0.29,0.83,0.0,0.49,0.0,0.11,1.06
1,0.0,0.0,0.44,0.13,0.0,0.0,0.0,0.31,0.96,0.0,0.45,0.0,0.05,0.97
1,0.0,0.0,0.43,0.02,0.0,0.0,0.0,0.34,1.1,0.0,0.51,0.0,0.06,0.92
1,0.0,0.0,0.42,0.02,0.0,0.01,0.0,0.34,1.18,0.0,0.54,0.01,0.05,0.84
1,0.0,0.0,0.42,0.0,0.0,0.01,0.0,0.43,1.29,0.0,0.68,0.08,0.02,0.9
1,0.0,0.0,0.32,0.0,0.0,0.01,0.0,0.59,1.34,0.0,0.7,0.11,0.01,0.87
1,0.0,0.0,0.21,0.0,0.0,0.0,0.0,0.76,1.4,0.0,0.73,0.15,0.0,0.84
1,0.0,0.0,0.18,0.0,0.0,0.0,0.0,0.79,1.44,0.0,0.67,0.07,0.0,0.63
1,0.0,0.0,0.3,0.0,0.0,0.0,0.0,0.73,1.44,0.0,0.75,0.07,0.0,0.46
1,0.0,0.0,0.36,0.0,0.0,0.0,0.0,0.66,1.51,0.0,0.84,0.06,0.0,0.36
1,0.0,0.0,0.37,0.0,0.0,0.0,0.0,0.6,1.41,0.0,1.04,0.06,0.0,0.36
1,0.0,0.0,0.35,0.0,0.0,0.0,0.0,0.57,1.33,0.0,1.14,0.12,0.0,0.27
1,0.0,0.0,0.38,0.0,0.0,0.0,0.0,0.55,1.18,0.0,1.23,0.11,0.0,0.16
1,0.0,0.0,0.36,0.0,0.0,0.0,0.0,0.54,1.12,0.0,1.22,0.13,0.0,0.05
1,0.0,0.0,0.28,0.0,0.0,0.0,0.0,0.51,1.04,0.0,1.16,0.07,0.0,0.05
1,0.0,0.0,0.21,0.0,0.0,0.0,0.0,0.49,1.07,0.0,1.23,0.06,0.0,0.04
1,0.0,0.0,0.27,0.0,0.0,0.0,0.0,0.56,0.93,0.0,1.23,0.23,0.0,0.24
1,0.0,0.0,0.34,0.0,0.0,0.0,0.0,0.71,0.93,0.0,1.22,0.34,0.04,0.45
1,0.0,0.0,0.4,0.0,0.0,0.0,0.0,0.82,0.92,0.0,1.12,0.48,0.17,0.6
1,0.0,0.0,0.41,0.0,0.0,0.0,0.0,0.86,1.03,0.03,1.02,0.37,0.35,0.5
1,0.0,0.0,0.39,0.0,0.0,0.0,0.0,0.83,1.07,0.03,0.93,0.31,0.51,0.45
1,0.0,0.0,0.27,0.0,0.0,0.0,0.0,0.87,0.99,0.03,0.69,0.32,0.73,0.4
1,0.0,0.0,0.23,0.0,0.0,0.0,0.0,0.78,0.83,0.02,0.47,0.31,0.87,0.29
1,0.0,0.0,0.2,0.0,0.0,0.0,0.0,0.71,0.62,0.02,0.22,0.32,0.93,0.13
1,0.0,0.0,0.25,0.0,0.0,0.0,0.0,0.63,0.5,0.02,0.15,0.33,0.75,0.0
1,0.0,0.0,0.24,0.0,0.0,0.0,0.0,0.69,0.6,0.01,0.17,0.32,0.6,0.0
1,0.0,0.0,0.29,0.03,0.0,0.0,0.0,0.63,0.63,0.14,0.28,0.46,0.39,0.0
1,0.0,0.0,0.4,0.03,0.0,0.0,0.0,0.56,0.66,0.31,0.34,0.54,0.21,0.0
1,0.07,0.17,0.49,0.03,0.0,0.07,0.0,0.34,0.65,0.39,0.35,0.63,0.13,0.0
1,0.07,0.26,0.46,0.0,0.0,0.08,0.0,0.27,0.64,0.41,0.35,0.5,0.15,0.0
1,0.07,0.26,0.39,0.0,0.0,0.13,0.0,0.17,0.62,0.36,0.37,0.3,0.19,0.0
1,0.0,0.2,0.25,0.0,0.0,0.16,0.0,0.19,0.68,0.39,0.43,0.29,0.1,0.0
1,0.0,0.12,0.2,0.0,0.0,0.18,0.0,0.21,0.75,0.4,0.49,0.32,0.05,0.0
1,0.07,0.13,0.1,0.04,0.0,0.12,0.0,0.27,0.68,0.4,0.42,0.37,0.06,0.02
1,0.14,0.14,0.09,0.08,0.0,0.03,0.0,0.34,0.64,0.43,0.32,0.5,0.06,0.06
1,0.21,0.18,0.1,0.08,0.0,0.0,0.0,0.34,0.57,0.55,0.14,0.43,0.08,0.06
1,0.24,0.26,0.26,0.03,0.0,0.0,0.0,0.32,0.53,0.69,0.12,0.33,0.08,0.04
1,0.21,0.17,0.33,0.01,0.0,0.02,0.0,0.28,0.37,0.77,0.17,0.06,0.08,0.0
1,0.14,0.15,0.31,0.01,0.0,0.02,0.0,0.24,0.22,0.82,0.25,0.0,0.21,0.0
1,0.07,0.09,0.2,0.01,0.0,0.02,0.0,0.23,0.11,0.92,0.22,0.0,0.35,0.0
1,0.02,0.06,0.09,0.0,0.0,0.01,0.0,0.14,0.0,0.97,0.24,0.0,0.65,0.0
1,0.08,0.04,0.05,0.0,0.0,0.01,0.0,0.08,0.15,0.95,0.38,0.05,0.64,0.0
1,0.1,0.01,0.0,0.0,0.0,0.0,0.0,0.0,0.25,0.9,0.6,0.07,0.55,0.02
1,0.12,0.01,0.0,0.0,0.0,0.0,0.0,0.0,0.42,0.88,0.71,0.07,0.35,0.02
1,0.15,0.01,0.0,0.0,0.0,0.0,0.0,0.0,0.44,0.99,0.74,0.02,0.3,0.02
1,0.39,0.23,0.0,0.0,0.0,0.0,0.0,0.0,0.58,0.94,0.73,0.0,0.22,0.0
1,0.64,0.42,0.0,0.0,0.0,0.0,0.0,0.0,0.56,1.07,0.63,0.0,0.13,0.0
1,0.84,0.7,0.0,0.0,0.0,0.0,0.0,0.0,0.59,0.93,0.7,0.0,0.04,0.0
1,0.85,0.57,0.02,0.0,0.0,0.0,0.0,0.0,0.58,1.07,0.81,0.0,0.15,0.0
1,0.72,0.56,0.04,0.0,0.0,0.0,0.0,0.0,0.73,1.11,0.9,0.0,0.14,0.0
1,0.55,0.3,0.16,0.0,0.0,0.0,0.0,0.0,0.83,1.18,0.9,0.0,0.12,0.0
1,0.39,0.25,0.23,0.0,0.0,0.0,0.0,0.0,0.96,1.15,0.83,0.0,0.01,0.0
1,0.24,0.06,0.21,0.0,0.0,0.0,0.0,0.0,0.8,1.01,0.73,0.06,0.0,0.0
1,0.27,0.09,0.14,0.0,0.0,0.0,0.0,0.0,0.65,1.08,0.53,0.1,0.0,0.0
1,0.38,0.11,0.12,0.0,0.0,0.0,0.0,0.0,0.58,1.09,0.5,0.1,0.0,0.0
1,0.6,0.12,0.21,0.0,0.0,0.0,0.0,0.0,0.56,1.11,0.63,0.03,0.0,0.0
1,0.75,0.08,0.29,0.0,0.0,0.0,0.0,0.0,0.57,1.12,0.89,0.0,0.0,0.0
1,0.83,0.0,0.33,0.0,0.0,0.0,0.0,0.0,0.37,1.04,1.04,0.0,0.0,0.0
1,0.87,0.0,0.37,0.0,0.0,0.0,0.0,0.0,0.32,1.03,1.12,0.0,0.0,0.0
1,0.76,0.0,0.27,0.0,0.0,0.0,0.0,0.05,0.19,0.84,1.01,0.0,0.0,0.0
1,0.61,0.0,0.27,0.0,0.0,0.0,0.0,0.15,0.1,0.84,0.83,0.0,0.0,0.0
1,0.47,0.0,0.15,0.0,0.0,0.0,0.0,0.24,0.04,0.84,0.75,0.0,0.0,0.0
1,0.6,0.01,0.17,0.0,0.0,0.0,0.0,0.24,0.07,1.06,0.83,0.0,0.0,0.0
1,0.64,0.01,0.09,0.0,0.0,0.0,0.0,0.25,0.07,1.26,0.91,0.0,0.07,0.0
1,0.52,0.01,0.07,0.0,0.0,0.0,0.0,0.21,0.31,1.13,1.06,0.0,0.19,0.0
1,0.19,0.0,0.02,0.0,0.0,0.0,0.0,0.17,0.5,0.88,1.17,0.0,0.19,0.0
1,0.0,0.0,0.0,0.0,0.0,0.0,0.0,0.07,0.65,0.6,1.37,0.0,0.13,0.0
1,0.0,0.0,0.08,0.0,0.0,0.0,0.0,0.03,0.56,0.73,1.54,0.0,0.02,0.0
1,0.12,0.0,0.11,0.0,0.0,0.0,0.0,0.0,0.54,0.79,1.73,0.0,0.02,0.0
1,0.27,0.0,0.26,0.0,0.0,0.0,0.0,0.11,0.5,1.01,1.58,0.0,0.45,0.0
1,0.47,0.0,0.34,0.0,0.0,0.0,0.0,0.2,0.41,1.13,1.41,0.0,1.04,0.0
1,0.52,0.0,0.56,0.0,0.0,0.0,0.0,0.31,0.23,1.29,1.2,0.0,1.67,0.0
1,0.44,0.0,0.54,0.0,0.0,0.0,0.0,0.32,0.23,1.1,1.25,0.0,1.75,0.0
1,0.31,0.0,0.57,0.0,0.0,0.04,0.0,0.34,0.36,1.07,1.43,0.0,1.62,0.0
1,0.27,0.0,0.56,0.0,0.0,0.07,0.0,0.38,0.53,1.1,1.46,0.0,1.46,0.0
1,0.33,0.0,0.67,0.04,0.0,0.09,0.0,0.4,0.65,1.22,1.5,0.0,1.49,0.09
1,0.26,0.0,0.51,0.04,0.0,0.12,0.0,0.37,0.58,0.86,1.19,0.02,1.55,0.17
1,0.14,0.0,0.34,0.04,0.0,0.08,0.0,0.39,0.5,0.45,1.0,0.02,1.49,0.17
1,0.0,0.0,0.14,0.0,0.0,0.07,0.0,0.35,0.51,0.06,0.77,0.02,1.35,0.21
1,0.0,0.0,0.17,0.0,0.0,0.04,0.0,0.34,0.59,0.05,0.72,0.0,1.22,0.37
1,0.01,0.0,0.14,0.0,0.0,0.08,0.0,0.4,0.73,0.0,0.56,0.0,1.22,0.59
1,0.01,0.0,0.31,0.0,0.0,0.16,0.0,0.56,0.82,0.0,0.44,0.0,1.15,0.68
1,0.06,0.0,0.38,0.0,0.0,0.14,0.0,0.78,0.85,0.0,0.24,0.0,1.0,0.69
1,0.05,0.0,0.42,0.0,0.0,0.15,0.0,0.77,0.88,0.0,0.3,0.0,0.81,0.62
1,0.05,0.0,0.36,0.0,0.0,0.18,0.0,0.7,0.78,0.0,0.21,0.0,0.59,0.49
1,0.0,0.0,0.4,0.0,0.0,0.25,0.0,0.6,0.72,0.0,0.18,0.0,0.5,0.27
1,0.0,0.0,0.42,0.0,0.0,0.26,0.0,0.59,0.7,0.0,0.03,0.0,0.5,0.19
1,0.03,0.0,0.43,0.0,0.0,0.25,0.0,0.63,0.79,0.0,0.05,0.0,0.6,0.24
1,0.03,0.0,0.47,0.0,0.0,0.17,0.0,0.6,0.73,0.0,0.05,0.02,0.75,0.56
1,0.03,0.02,0.41,0.0,0.0,0.11,0.0,0.57,0.61,0.0,0.02,0.02,0.89,0.91
1,0.0,0.02,0.27,0.0,0.0,0.02,0.0,0.5,0.46,0.08,0.0,0.03,0.99,1.18
1,0.0,0.02,0.15,0.0,0.0,0.0,0.0,0.6,0.55,0.18,0.0,0.07,0.96,1.27
1,0.0,0.01,0.17,0.0,0.0,0.03,0.0,0.65,0.57,0.26,0.0,0.07,1.02,1.28
1,0.0,0.05,0.28,0.0,0.0,0.03,0.0,0.71,0.63,0.26,0.0,0.07,1.03,1.24
1,0.0,0.05,0.32,0.0,0.0,0.03,0.0,0.69,0.68,0.18,0.0,0.0,0.94,1.18
1,0.0,0.22,0.31,0.04,0.0,0.0,0.0,0.66,0.72,0.16,0.0,0.0,0.71,1.12
1,0.0,0.24,0.23,0.04,0.0,0.0,0.0,0.65,0.68,0.09,0.0,0.0,0.59,1.07
1,0.0,0.29,0.23,0.04,0.0,0.0,0.0,0.75,0.65,0.06,0.0,0.0,0.54,0.97
1,0.0,0.17,0.24,0.0,0.0,0.0,0.0,0.88,0.76,0.0,0.0,0.0,0.55,0.88
1,0.0,0.22,0.22,0.0,0.0,0.0,0.0,0.94,0.92,0.0,0.0,0.0,0.49,0.91
1,0.0,0.17,0.17,0.0,0.0,0.0,0.0,0.83,0.97,0.0,0.0,0.09,0.49,1.05
1,0.01,0.1,0.12,0.0,0.0,0.0,0.0,0.7,1.0,0.0,0.0,0.1,0.43,1.07
1,0.04,0.0,0.18,0.0,0.0,0.0,0.0,0.58,1.01,0.0,0.02,0.17,0.4,1.09
1,0.07,0.0,0.21,0.0,0.0,0.01,0.0,0.55,1.06,0.0,0.03,0.12,0.38,1.03
1,0.06,0.0,0.3,0.0,0.0,0.02,0.0,0.54,1.03,0.0,0.04,0.14,0.39,1.04
1,0.03,0.0,0.31,0.0,0.0,0.02,0.0,0.53,0.94,0.0,0.05,0.06,0.41,0.99
1,0.01,0.0,0.33,0.0,0.0,0.01,0.0,0.53,0.78,0.0,0.04,0.02,0.4,1.09
1,0.01,0.0,0.31,0.0,0.0,0.0,0.0,0.53,0.71,0.0,0.04,0.0,0.4,1.09
1,0.01,0.0,0.32,0.0,0.0,0.0,0.0,0.57,0.77,0.0,0.03,0.0,0.34,1.1
1,0.0,0.0,0.26,0.0,0.0,0.0,0.0,0.59,0.89,0.0,0.12,0.0,0.25,0.97
1,0.01,0.0,0.25,0.0,0.0,0.0,0.0,0.6,0.99,0.0,0.25,0.0,0.11,0.96
1,0.01,0.0,0.26,0.0,0.0,0.0,0.0,0.58,0.97,0.0,0.31,0.0,0.15,0.99
1,0.01,0.0,0.36,0.0,0.0,0.08,0.0,0.45,0.87,0.0,0.29,0.02,0.11,0.79
1,0.0,0.0,0.42,0.0,0.0,0.15,0.0,0.35,0.78,0.0,0.24,0.05,0.1,0.53
1,0.0,0.0,0.44,0.0,0.0,0.2,0.0,0.29,0.8,0.0,0.25,0.09,0.0,0.22
1,0.0,0.0,0.45,0.0,0.0,0.16,0.0,0.36,0.91,0.0,0.26,0.12,0.0,0.24
1,0.0,0.0,0.47,0.0,0.0,0.13,0.0,0.38,0.98,0.0,0.2,0.1,0.0,0.24
1,0.0,0.0,0.49,0.0,0.0,0.12,0.0,0.37,0.97,0.0,0.16,0.11,0.0,0.24
1,0.0,0.0,0.51,0.0,0.0,0.12,0.0,0.36,1.02,0.0,0.16,0.09,0.0,0.22
1,0.02,0.0,0.53,0.0,0.0,0.09,0.0,0.34,1.01,0.0,0.21,0.12,0.0,0.24
1,0.02,0.0,0.58,0.0,0.0,0.09,0.0,0.33,1.05,0.0,0.25,0.09,0.0,0.27
1,0.02,0.0,0.54,0.0,0.0,0.06,0.0,0.31,0.95,0.0,0.24,0.11,0.0,0.2
1,0.0,0.0,0.51,0.0,0.0,0.08,0.0,0.32,0.9,0.0,0.21,0.1,0.0,0.14
1,0.0,0.0,0.48,0.0,0.0,0.1,0.0,0.33,0.83,0.0,0.22,0.16,0.0,0.09
1,0.02,0.0,0.33,0.0,0.0,0.09,0.0,0.29,0.74,0.0,0.16,0.11,0.18,0.22
1,0.07,0.0,0.17,0.0,0.0,0.05,0.0,0.26,0.65,0.02,0.12,0.06,0.2,0.32
1,0.1,0.0,0.0,0.0,0.0,0.0,0.0,0.23,0.56,0.05,0.06,0.0,0.2,0.42
1,0.12,0.0,0.0,0.0,0.0,0.0,0.0,0.24,0.6,0.1,0.09,0.0,0.07,0.33
1,0.11,0.0,0.0,0.0,0.0,0.0,0.0,0.25,0.6,0.11,0.12,0.0,0.08,0.3
1,0.12,0.0,0.0,0.0,0.0,0.0,0.0,0.25,0.62,0.11,0.09,0.0,0.11,0.28
1,0.09,0.0,0.0,0.0,0.0,0.0,0.0,0.27,0.61,0.12,0.1,0.0,0.06,0.29
1,0.05,0.0,0.0,0.0,0.0,0.0,0.0,0.29,0.59,0.15,0.05,0.0,0.03,0.24
1,0.02,0.0,0.0,0.0,0.0,0.0,0.0,0.3,0.56,0.22,0.03,0.0,0.0,0.17
1,0.01,0.0,0.0,0.0,0.0,0.0,0.0,0.31,0.49,0.23,0.0,0.0,0.0,0.11
1,0.08,0.0,0.0,0.0,0.0,0.0,0.0,0.32,0.46,0.25,0.02,0.0,0.0,0.1
1,0.17,0.0,0.0,0.0,0.0,0.0,0.0,0.34,0.45,0.22,0.04,0.0,0.0,0.1
1,0.16,0.0,0.0,0.0,0.0,0.0,0.0,0.31,0.54,0.16,0.04,0.04,0.12,0.1
1,0.11,0.0,0.03,0.0,0.0,0.0,0.0,0.33,0.79,0.06,0.02,0.04,0.23,0.19
1,0.08,0.0,0.03,0.0,0.0,0.0,0.0,0.33,0.99,0.0,0.0,0.06,0.38,0.19
1,0.11,0.0,0.05,0.0,0.0,0.0,0.0,0.37,1.12,0.0,0.0,0.06,0.37,0.25
1,0.16,0.0,0.02,0.0,0.0,0.0,0.0,0.35,1.09,0.0,0.0,0.07,0.37,0.18
1,0.16,0.0,0.06,0.0,0.0,0.0,0.0,0.36,1.14,0.0,0.0,0.05,0.33,0.19
1,0.18,0.0,0.06,0.0,0.0,0.0,0.0,0.35,1.17,0.0,0.0,0.01,0.3,0.16
1,0.19,0.0,0.09,0.0,0.0,0.0,0.0,0.35,1.21,0.0,0.0,0.04,0.31,0.2
1,0.18,0.0,0.08,0.0,0.0,0.0,0.0,0.32,1.17,0.0,0.0,0.06,0.31,0.24
1,0.17,0.0,0.08,0.0,0.0,0.0,0.0,0.3,1.18,0.0,0.0,0.05,0.32,0.24
1,0.21,0.0,0.09,0.0,0.0,0.0,0.0,0.29,1.22,0.0,0.0,0.04,0.29,0.26
1,0.21,0.0,0.07,0.0,0.0,0.0,0.0,0.28,1.23,0.0,0.0,0.06,0.3,0.26
1,0.17,0.0,0.04,0.0,0.0,0.0,0.0,0.28,1.12,0.04,0.0,0.16,0.19,0.27
1,0.06,0.0,0.0,0.0,0.0,0.0,0.0,0.26,0.96,0.09,0.0,0.18,0.13,0.22
1,0.01,0.0,0.0,0.0,0.0,0.0,0.0,0.25,0.83,0.12,0.0,0.17,0.04,0.2
1,0.0,0.0,0.0,0.0,0.0,0.0,0.0,0.24,0.82,0.09,0.0,0.07,0.06,0.12
1,0.0,0.0,0.0,0.0,0.0,0.0,0.0,0.2,0.82,0.07,0.0,0.02,0.04,0.11
1,0.0,0.0,0.0,0.0,0.0,0.0,0.0,0.19,0.86,0.12,0.0,0.04,0.03,0.09
1,0.0,0.0,0.0,0.0,0.0,0.0,0.0,0.22,0.8,0.17,0.0,0.11,0.01,0.18
1,0.0,0.0,0.0,0.0,0.0,0.0,0.0,0.24,0.71,0.17,0.0,0.17,0.0,0.17
1,0.0,0.0,0.0,0.0,0.0,0.0,0.0,0.31,0.74,0.09,0.0,0.13,0.0,0.19
1,0.0,0.0,0.0,0.0,0.0,0.0,0.0,0.37,0.77,0.07,0.0,0.06,0.0,0.17
1,0.05,0.0,0.0,0.0,0.0,0.0,0.0,0.42,0.83,0.12,0.0,0.0,0.0,0.23
1,0.1,0.0,0.0,0.0,0.0,0.0,0.0,0.43,0.82,0.17,0.0,0.0,0.0,0.28
1,0.1,0.0,0.0,0.0,0.0,0.0,0.0,0.36,0.63,0.13,0.07,0.09,0.06,0.28
1,0.05,0.0,0.0,0.0,0.0,0.0,0.0,0.37,0.61,0.05,0.19,0.18,0.06,0.19
1,0.0,0.0,0.0,0.0,0.0,0.0,0.0,0.31,0.51,0.0,0.38,0.29,0.06,0.08
1,0.0,0.0,0.0,0.0,0.0,0.0,0.0,0.32,0.63,0.0,0.52,0.35,0.0,0.03
1,0.0,0.0,0.0,0.0,0.0,0.0,0.0,0.3,0.63,0.0,0.59,0.33,0.0,0.08
1,0.0,0.0,0.02,0.0,0.0,0.0,0.0,0.29,0.67,0.0,0.63,0.26,0.0,0.15
1,0.0,0.0,0.03,0.0,0.0,0.0,0.0,0.29,0.73,0.0,0.69,0.28,0.0,0.15
1,0.0,0.0,0.04,0.0,0.0,0.0,0.0,0.29,0.81,0.0,0.72,0.36,0.02,0.17
1,0.0,0.0,0.04,0.0,0.0,0.0,0.0,0.29,0.92,0.0,0.78,0.46,0.02,0.15
1,0.0,0.0,0.06,0.0,0.0,0.0,0.0,0.28,1.01,0.0,0.83,0.36,0.05,0.27
1,0.0,0.0,0.08,0.0,0.0,0.0,0.0,0.27,1.04,0.0,0.92,0.23,0.09,0.31
1,0.0,0.0,0.06,0.0,0.0,0.0,0.0,0.29,0.97,0.02,0.86,0.19,0.19,0.25
1,0.0,0.0,0.14,0.0,0.0,0.05,0.0,0.24,0.9,0.02,0.61,0.23,0.15,0.11
1,0.0,0.0,0.24,0.0,0.0,0.05,0.0,0.24,0.81,0.02,0.48,0.3,0.1,0.0
1,0.0,0.0,0.34,0.0,0.0,0.05,0.0,0.23,0.81,0.0,0.35,0.28,0.0,0.0
1,0.01,0.0,0.27,0.0,0.0,0.0,0.0,0.27,0.77,0.0,0.48,0.32,0.0,0.0
1,0.01,0.0,0.25,0.0,0.0,0.0,0.0,0.27,0.83,0.08,0.66,0.34,0.0,0.01
1,0.03,0.0,0.2,0.0,0.0,0.0,0.0,0.3,0.82,0.14,0.81,0.43,0.0,0.01
1,0.16,0.0,0.19,0.0,0.0,0.0,0.0,0.36,0.83,0.21,0.91,0.56,0.0,0.01
1,0.31,0.0,0.25,0.0,0.0,0.0,0.0,0.39,0.79,0.24,0.77,0.64,0.0,0.0
1,0.42,0.0,0.36,0.0,0.0,0.0,0.0,0.39,0.87,0.4,0.73,0.57,0.0,0.0
1,0.33,0.0,0.38,0.0,0.0,0.0,0.0,0.37,0.92,0.39,0.75,0.3,0.0,0.0
1,0.31,0.0,0.29,0.0,0.0,0.0,0.0,0.28,0.83,0.41,0.86,0.1,0.0,0.0
1,0.24,0.0,0.27,0.0,0.0,0.0,0.0,0.2,0.63,0.3,0.96,0.03,0.0,0.0
1,0.19,0.0,0.19,0.0,0.0,0.0,0.0,0.07,0.47,0.39,0.91,0.25,0.15,0.02
1,0.06,0.0,0.13,0.0,0.0,0.0,0.0,0.06,0.46,0.48,0.89,0.47,0.23,0.02
1,0.0,0.0,0.01,0.0,0.0,0.0,0.0,0.02,0.45,0.58,0.89,0.64,0.36,0.03
1,0.04,0.0,0.01,0.0,0.0,0.0,0.0,0.02,0.36,0.66,0.94,0.58,0.4,0.02
1,0.14,0.07,0.01,0.0,0.0,0.0,0.0,0.0,0.23,0.64,0.85,0.63,0.51,0.02
1,0.22,0.07,0.0,0.0,0.0,0.0,0.0,0.01,0.17,0.63,0.77,0.63,0.51,0.02
1,0.21,0.07,0.0,0.0,0.0,0.0,0.0,0.02,0.18,0.59,0.7,0.65,0.45,0.0
1,0.14,0.0,0.0,0.0,0.0,0.0,0.0,0.05,0.14,0.54,0.66,0.59,0.39,0.02
1,0.1,0.0,0.0,0.0,0.0,0.0,0.0,0.08,0.12,0.49,0.64,0.54,0.39,0.08
1,0.11,0.0,0.0,0.0,0.0,0.0,0.0,0.1,0.13,0.53,0.57,0.47,0.36,0.08
1,0.09,0.02,0.0,0.0,0.0,0.0,0.0,0.11,0.28,0.5,0.48,0.45,0.31,0.05
1,0.06,0.02,0.0,0.0,0.0,0.0,0.0,0.13,0.32,0.52,0.46,0.42,0.23,0.0
1,0.17,0.02,0.01,0.0,0.0,0.0,0.0,0.13,0.23,0.55,0.42,0.3,0.39,0.0
1,0.62,0.3,0.14,0.0,0.0,0.0,0.0,0.19,0.09,0.57,0.5,0.11,0.45,0.0
1,1.03,0.98,0.14,0.0,0.0,0.0,0.0,0.27,0.14,0.55,0.5,0.09,0.45,0.0
1,1.33,1.6,0.13,0.0,0.0,0.0,0.0,0.33,0.24,0.42,0.51,0.15,0.23,0.0
1,1.37,1.71,0.07,0.0,0.0,0.0,0.0,0.36,0.49,0.52,0.46,0.27,0.11,0.0
1,1.43,1.52,0.23,0.0,0.0,0.0,0.0,0.4,0.66,0.53,0.46,0.31,0.05,0.0
1,1.44,1.44,0.36,0.0,0.0,0.0,0.0,0.47,0.85,0.52,0.5,0.32,0.13,0.0
1,1.49,1.54,0.33,0.0,0.0,0.0,0.0,0.52,0.83,0.37,0.45,0.23,0.18,0.0
1,1.54,1.55,0.26,0.0,0.0,0.0,0.0,0.56,0.78,0.52,0.5,0.1,0.21,0.0
1,1.6,1.45,0.13,0.0,0.0,0.0,0.0,0.6,0.62,0.68,0.42,0.04,0.1,0.0
1,1.69,1.63,0.09,0.0,0.0,0.0,0.0,0.66,0.59,0.88,0.55,0.01,0.03,0.0
1,1.77,1.73,0.01,0.0,0.0,0.0,0.0,0.75,0.54,0.82,0.63,0.01,0.0,0.0
1,1.72,1.63,0.01,0.0,0.01,0.0,0.0,0.72,0.57,0.66,0.7,0.0,0.16,0.0
1,1.53,1.3,0.12,0.0,0.05,0.05,0.0,0.8,0.56,0.62,0.71,0.0,0.47,0.0
1,1.28,1.09,0.24,0.0,0.14,0.12,0.0,0.91,0.58,0.48,0.55,0.0,0.92,0.12
1,1.33,1.3,0.45,0.0,0.21,0.12,0.0,1.14,0.77,0.68,0.66,0.0,1.26,0.36
1,1.44,1.64,0.54,0.0,0.19,0.07,0.0,1.28,0.91,0.76,0.85,0.0,1.58,0.62
1,1.61,1.85,0.68,0.0,0.1,0.0,0.03,1.3,1.01,0.8,0.92,0.0,1.69,0.84
1,1.58,1.82,0.69,0.0,0.03,0.0,0.03,1.25,1.03,0.67,0.99,0.0,1.72,0.94
1,1.53,1.55,0.74,0.0,0.0,0.0,0.03,1.2,1.04,0.41,0.87,0.0,1.58,0.96
1,1.57,1.39,0.85,0.0,0.0,0.03,0.05,1.17,1.14,0.5,0.99,0.0,1.8,1.01
1,1.63,1.32,0.95,0.0,0.0,0.07,0.15,1.23,1.35,0.55,0.87,0.0,2.05,0.98
1,1.58,1.28,0.95,0.0,0.0,0.11,0.19,1.22,1.48,0.76,0.85,0.0,2.48,1.14
1,1.57,1.26,0.9,0.1,0.0,0.13,0.14,1.09,1.47,0.59,0.68,0.0,2.48,1.14
1,1.29,1.19,0.58,0.32,0.0,0.16,0.04,0.95,1.04,0.36,0.45,0.0,2.49,1.15
1,1.09,1.19,0.41,0.48,0.0,0.12,0.0,0.95,0.82,0.08,0.19,0.0,2.34,1.04
1,0.82,1.24,0.1,0.57,0.0,0.07,0.0,1.01,0.74,0.0,0.09,0.0,2.21,1.02
1,0.95,1.34,0.1,0.42,0.0,0.01,0.0,1.03,0.92,0.1,0.34,0.0,2.06,1.03
1,1.12,1.37,0.02,0.36,0.0,0.0,0.0,0.96,1.06,0.15,0.52,0.0,1.93,0.8
1,1.23,1.4,0.0,0.17,0.02,0.0,0.0,0.94,1.19,0.25,0.64,0.0,1.85,0.5
1,1.22,1.3,0.0,0.16,0.02,0.0,0.0,0.99,1.21,0.21,0.52,0.0,1.79,0.3
1,1.08,1.22,0.0,0.16,0.02,0.0,0.0,1.0,1.27,0.16,0.5,0.0,1.61,0.33
1,1.07,1.06,0.11,0.16,0.0,0.04,0.0,1.03,1.27,0.06,0.59,0.0,1.42,0.35
1,0.96,0.91,0.16,0.28,0.02,0.1,0.0,1.06,1.45,0.0,0.63,0.0,1.27,0.31
1,1.07,1.08,0.42,0.23,0.02,0.12,0.0,1.13,1.41,0.0,0.66,0.0,1.27,0.24
1,1.12,1.31,0.48,0.23,0.02,0.08,0.0,1.2,1.47,0.04,0.51,0.09,1.59,0.14
1,0.99,1.35,0.43,0.05,0.0,0.02,0.0,1.07,1.13,0.04,0.4,0.19,1.95,0.39
1,0.77,1.05,0.31,0.0,0.0,0.0,0.02,0.94,0.95,0.04,0.34,0.3,2.3,0.5
1,0.56,0.69,0.31,0.0,0.0,0.0,0.04,0.88,0.62,0.0,0.32,0.3,2.45,0.72
1,0.5,0.56,0.48,0.04,0.0,0.0,0.05,0.9,0.55,0.0,0.56,0.19,2.08,0.59
1,0.5,0.48,0.42,0.09,0.0,0.0,0.03,0.95,0.63,0.02,0.58,0.09,1.37,0.69
1,0.42,0.43,0.4,0.09,0.0,0.0,0.01,0.93,0.68,0.19,0.64,0.01,0.59,0.47
1,0.5,0.57,0.39,0.04,0.0,0.0,0.0,0.96,0.78,0.28,0.53,0.07,0.23,0.3
1,0.41,0.55,0.52,0.08,0.0,0.0,0.0,0.94,0.67,0.31,0.55,0.11,0.15,0.06
1,0.29,0.46,0.64,0.09,0.0,0.0,0.0,0.99,0.84,0.15,0.42,0.19,0.33,0.09
1,0.12,0.19,0.76,0.11,0.0,0.0,0.0,1.1,1.06,0.06,0.32,0.21,0.55,0.08
1,0.23,0.24,0.85,0.14,0.0,0.0,0.0,1.16,1.32,0.01,0.44,0.17,1.03,0.36
1,0.41,0.31,0.72,0.13,0.0,0.0,0.0,1.17,1.25,0.07,0.63,0.11,1.27,0.61
1,0.41,0.45,0.77,0.12,0.0,0.07,0.0,1.05,1.11,0.07,0.55,0.03,1.65,0.87
1,0.23,0.53,0.8,0.0,0.0,0.07,0.0,0.96,0.76,0.06,0.27,0.03,1.75,0.78
1,0.03,0.63,1.0,0.0,0.0,0.15,0.0,0.74,0.52,0.0,0.09,0.0,1.87,0.8
1,0.03,0.58,0.99,0.0,0.0,0.18,0.0,0.7,0.45,0.0,0.09,0.0,1.82,0.85
1,0.0,0.48,0.98,0.0,0.0,0.21,0.0,0.71,0.53,0.0,0.09,0.0,1.84,0.99
1,0.0,0.39,1.0,0.0,0.0,0.16,0.0,0.79,0.61,0.0,0.0,0.0,1.83,1.02
1,0.0,0.46,1.03,0.0,0.0,0.08,0.0,0.79,0.57,0.0,0.0,0.0,1.67,0.93
1,0.0,0.41,1.08,0.0,0.0,0.11,0.0,0.79,0.58,0.0,0.0,0.0,1.7,0.94
1,0.0,0.34,1.06,0.0,0.0,0.13,0.0,0.77,0.65,0.0,0.06,0.0,1.71,0.95
1,0.07,0.24,1.1,0.0,0.0,0.11,0.0,0.8,0.78,0.0,0.1,0.0,1.94,1.23
1,0.13,0.29,1.09,0.0,0.0,0.04,0.0,0.81,0.77,0.0,0.1,0.0,1.82,1.28
1,0.18,0.21,1.2,0.0,0.0,0.0,0.0,0.76,0.86,0.0,0.14,0.0,1.76,1.47
1,0.1,0.13,0.83,0.0,0.0,0.08,0.0,0.73,0.62,0.0,0.1,0.0,1.49,1.19
1,0.04,0.0,0.47,0.0,0.0,0.08,0.0,0.74,0.51,0.0,0.18,0.0,1.36,1.12
1,0.0,0.0,0.02,0.0,0.0,0.08,0.0,0.84,0.33,0.0,0.11,0.0,1.22,0.89
1,0.0,0.0,0.01,0.0,0.0,0.01,0.0,0.88,0.31,0.0,0.11,0.0,1.22,0.95
1,0.01,0.02,0.04,0.0,0.0,0.02,0.0,0.85,0.33,0.0,0.05,0.0,1.22,0.92
1,0.01,0.03,0.07,0.0,0.0,0.04,0.0,0.76,0.31,0.0,0.05,0.0,1.2,0.87
1,0.01,0.03,0.06,0.0,0.0,0.06,0.0,0.69,0.42,0.0,0.09,0.0,1.15,0.72
1,0.0,0.01,0.05,0.0,0.0,0.07,0.0,0.63,0.42,0.0,0.12,0.0,1.09,0.64
1,0.0,0.0,0.03,0.0,0.0,0.1,0.0,0.64,0.45,0.0,0.16,0.0,1.15,0.55
1,0.0,0.0,0.03,0.0,0.0,0.1,0.0,0.64,0.48,0.0,0.27,0.0,1.21,0.57
1,0.0,0.0,0.0,0.0,0.0,0.1,0.0,0.65,0.49,0.0,0.43,0.0,1.2,0.66
1,0.0,0.0,0.0,0.0,0.0,0.05,0.0,0.65,0.45,0.0,0.52,0.0,1.14,0.76
1,0.0,0.0,0.0,0.09,0.0,0.15,0.0,0.65,0.46,0.0,0.37,0.0,1.19,0.93
1,0.04,0.09,0.12,0.16,0.0,0.28,0.0,0.61,0.49,0.0,0.15,0.0,1.26,0.98
1,0.04,0.14,0.18,0.16,0.0,0.42,0.0,0.62,0.56,0.0,0.0,0.0,1.38,1.07
1,0.04,0.19,0.27,0.15,0.0,0.47,0.0,0.65,0.56,0.0,0.0,0.0,1.34,1.01
1,0.0,0.14,0.22,0.16,0.0,0.47,0.0,0.71,0.59,0.0,0.0,0.0,1.38,0.97
1,0.03,0.17,0.24,0.19,0.0,0.46,0.0,0.73,0.62,0.0,0.0,0.0,1.39,0.9
1,0.06,0.23,0.22,0.19,0.0,0.44,0.0,0.73,0.6,0.0,0.0,0.0,1.41,0.88
1,0.06,0.35,0.26,0.13,0.0,0.42,0.0,0.69,0.64,0.0,0.0,0.0,1.39,0.86
1,0.06,0.42,0.27,0.2,0.0,0.39,0.0,0.71,0.64,0.0,0.0,0.0,1.43,0.83
1,0.04,0.37,0.21,0.12,0.0,0.33,0.0,0.75,0.71,0.0,0.02,0.0,1.34,0.9
1,0.05,0.23,0.11,0.09,0.0,0.33,0.0,0.81,0.74,0.0,0.02,0.0,1.2,0.97
1,0.02,0.09,0.06,0.0,0.0,0.3,0.0,0.84,0.85,0.0,0.02,0.0,1.0,1.04
1,0.02,0.04,0.05,0.0,0.0,0.21,0.0,0.68,0.83,0.0,0.0,0.0,0.75,0.93
1,0.0,0.0,0.11,0.0,0.0,0.08,0.0,0.54,0.77,0.0,0.0,0.0,0.51,0.85
1,0.0,0.0,0.15,0.0,0.0,0.0,0.0,0.38,0.7,0.0,0.0,0.0,0.26,0.81
1,0.0,0.0,0.22,0.0,0.0,0.0,0.0,0.4,0.65,0.0,0.0,0.0,0.24,0.87
1,0.0,0.0,0.21,0.0,0.0,0.0,0.0,0.4,0.68,0.01,0.0,0.0,0.26,0.95
1,0.0,0.0,0.16,0.0,0.0,0.0,0.0,0.43,0.65,0.02,0.0,0.0,0.33,1.05
1,0.0,0.0,0.12,0.0,0.0,0.0,0.0,0.41,0.68,0.03,0.0,0.0,0.3,1.04
1,0.0,0.0,0.12,0.0,0.0,0.01,0.0,0.36,0.64,0.01,0.0,0.0,0.28,0.98
1,0.0,0.0,0.18,0.0,0.0,0.01,0.0,0.34,0.64,0.0,0.0,0.0,0.2,0.89
1,0.0,0.0,0.23,0.0,0.0,0.03,0.0,0.31,0.65,0.0,0.0,0.0,0.2,0.92
1,0.0,0.0,0.24,0.0,0.0,0.05,0.0,0.29,0.66,0.0,0.0,0.0,0.12,0.86
1,0.0,0.0,0.25,0.0,0.0,0.05,0.0,0.22,0.72,0.0,0.0,0.0,0.08,0.68
1,0.0,0.0,0.16,0.0,0.0,0.03,0.0,0.23,0.65,0.0,0.09,0.02,0.12,0.34
1,0.0,0.0,0.09,0.0,0.0,0.0,0.0,0.26,0.67,0.0,0.19,0.11,0.21,0.18
1,0.03,0.0,0.0,0.0,0.0,0.0,0.0,0.31,0.65,0.0,0.28,0.19,0.32,0.13
1,0.03,0.0,0.0,0.0,0.0,0.0,0.0,0.33,0.74,0.0,0.3,0.22,0.31,0.16
1,0.03,0.0,0.0,0.0,0.0,0.0,0.0,0.32,0.76,0.0,0.31,0.15,0.31,0.16
1,0.0,0.0,0.0,0.0,0.0,0.0,0.0,0.33,0.77,0.0,0.31,0.09,0.33,0.14
1,0.0,0.0,0.0,0.0,0.0,0.0,0.0,0.31,0.78,0.0,0.31,0.05,0.32,0.16
1,0.0,0.0,0.0,0.0,0.0,0.0,0.0,0.3,0.79,0.0,0.38,0.08,0.33,0.18
1,0.01,0.0,0.0,0.0,0.0,0.0,0.0,0.32,0.8,0.0,0.44,0.13,0.3,0.23
1,0.01,0.0,0.0,0.0,0.0,0.0,0.0,0.37,0.85,0.0,0.46,0.24,0.3,0.2
1,0.02,0.0,0.0,0.0,0.0,0.0,0.0,0.42,0.87,0.0,0.39,0.28,0.27,0.16
1,0.09,0.0,0.0,0.0,0.0,0.0,0.0,0.45,0.9,0.0,0.35,0.27,0.2,0.09
1,0.09,0.0,0.0,0.0,0.0,0.0,0.0,0.46,0.91,0.0,0.23,0.15,0.24,0.18
1,0.08,0.0,0.0,0.0,0.0,0.0,0.0,0.53,0.98,0.0,0.12,0.07,0.28,0.22
1,0.0,0.0,0.0,0.0,0.0,0.0,0.0,0.61,1.07,0.0,0.0,0.03,0.35,0.29
1,0.0,0.0,0.0,0.0,0.0,0.0,0.0,0.67,1.11,0.0,0.0,0.08,0.34,0.19
1,0.0,0.0,0.0,0.0,0.0,0.0,0.0,0.67,1.13,0.0,0.0,0.14,0.3,0.1
1,0.0,0.0,0.0,0.0,0.0,0.0,0.0,0.68,1.09,0.0,0.0,0.16,0.31,0.05
1,0.0,0.0,0.0,0.0,0.0,0.0,0.0,0.7,1.11,0.0,0.0,0.15,0.31,0.08
1,0.0,0.0,0.0,0.0,0.0,0.0,0.0,0.71,1.09,0.0,0.01,0.11,0.34,0.15
1,0.0,0.0,0.0,0.0,0.0,0.0,0.0,0.71,1.1,0.0,0.01,0.1,0.33,0.16
1,0.0,0.0,0.0,0.0,0.0,0.0,0.0,0.69,1.05,0.0,0.01,0.06,0.32,0.23
1,0.0,0.0,0.0,0.0,0.0,0.0,0.0,0.7,1.05,0.0,0.01,0.07,0.31,0.2
1,0.0,0.0,0.0,0.0,0.0,0.0,0.0,0.7,1.02,0.0,0.01,0.07,0.3,0.21
1,0.0,0.0,0.0,0.0,0.0,0.0,0.0,0.68,1.07,0.0,0.06,0.07,0.29,0.29
1,0.02,0.0,0.0,0.0,0.0,0.0,0.0,0.66,1.03,0.0,0.09,0.05,0.22,0.34
1,0.02,0.0,0.0,0.0,0.0,0.0,0.0,0.65,1.0,0.0,0.09,0.02,0.18,0.34
1,0.02,0.0,0.0,0.0,0.0,0.0,0.0,0.71,0.91,0.0,0.07,0.02,0.09,0.32
1,0.0,0.0,0.0,0.0,0.0,0.0,0.0,0.7,0.89,0.0,0.04,0.0,0.07,0.33
1,0.0,0.0,0.0,0.0,0.0,0.0,0.0,0.7,0.9,0.0,0.05,0.0,0.0,0.41
1,0.0,0.0,0.0,0.0,0.0,0.0,0.0,0.65,0.94,0.0,0.03,0.0,0.0,0.34
1,0.0,0.0,0.0,0.0,0.0,0.0,0.0,0.66,0.98,0.0,0.02,0.0,0.03,0.4
1,0.0,0.0,0.0,0.0,0.0,0.0,0.0,0.62,1.0,0.0,0.1,0.0,0.03,0.37
1,0.0,0.0,0.0,0.0,0.0,0.0,0.0,0.61,1.02,0.0,0.14,0.0,0.05,0.38
1,0.0,0.0,0.0,0.0,0.0,0.0,0.0,0.64,1.12,0.0,0.31,0.0,0.01,0.34
1,0.0,0.0,0.0,0.0,0.0,0.0,0.0,0.7,1.17,0.0,0.29,0.0,0.01,0.34
1,0.03,0.0,0.04,0.0,0.0,0.01,0.0,0.61,1.12,0.0,0.46,0.0,0.08,0.42
1,0.12,0.0,0.1,0.0,0.0,0.01,0.0,0.5,1.09,0.0,0.6,0.0,0.18,0.44
1,0.19,0.0,0.16,0.0,0.0,0.01,0.0,0.42,1.08,0.0,0.84,0.0,0.31,0.55
1,0.23,0.0,0.22,0.0,0.0,0.0,0.0,0.39,1.14,0.0,0.91,0.0,0.37,0.61
1,0.26,0.0,0.21,0.0,0.0,0.0,0.0,0.4,1.13,0.0,0.97,0.0,0.39,0.62
1,0.32,0.0,0.24,0.0,0.0,0.0,0.0,0.4,1.14,0.0,1.09,0.0,0.3,0.62
1,0.36,0.0,0.18,0.0,0.0,0.0,0.0,0.45,1.14,0.0,1.14,0.0,0.34,0.46
1,0.34,0.0,0.18,0.0,0.0,0.0,0.0,0.44,1.15,0.0,1.15,0.0,0.37,0.41
1,0.29,0.0,0.2,0.0,0.0,0.0,0.0,0.41,1.16,0.0,1.13,0.0,0.56,0.37
1,0.22,0.0,0.26,0.0,0.0,0.0,0.0,0.42,1.18,0.0,1.19,0.0,0.47,0.44
1,0.18,0.0,0.25,0.0,0.0,0.0,0.0,0.46,1.18,0.0,1.14,0.0,0.41,0.52
1,0.2,0.0,0.2,0.0,0.0,0.0,0.0,0.49,1.23,0.0,1.15,0.0,0.3,0.47
1,0.15,0.0,0.1,0.0,0.0,0.0,0.0,0.44,1.18,0.0,1.02,0.0,0.37,0.45
1,0.1,0.0,0.06,0.02,0.0,0.0,0.0,0.4,1.04,0.0,0.86,0.0,0.42,0.31
1,0.04,0.0,0.0,0.05,0.0,0.0,0.0,0.37,0.94,0.0,0.63,0.0,0.54,0.32
1,0.06,0.0,0.03,0.1,0.0,0.0,0.0,0.42,0.95,0.0,0.55,0.0,0.58,0.3
1,0.25,0.08,0.04,0.16,0.0,0.0,0.0,0.42,0.98,0.0,0.57,0.0,0.57,0.26
1,0.34,0.13,0.07,0.13,0.0,0.0,0.0,0.47,1.03,0.11,0.5,0.0,0.37,0.13
1,0.45,0.21,0.04,0.08,0.0,0.0,0.0,0.49,1.11,0.32,0.42,0.0,0.26,0.02
1,0.42,0.13,0.1,0.0,0.0,0.0,0.0,0.48,1.12,0.51,0.31,0.0,0.23,0.0
1,0.4,0.08,0.07,0.07,0.0,0.0,0.0,0.5,1.08,0.62,0.3,0.0,0.32,0.0
1,0.4,0.0,0.1,0.2,0.0,0.0,0.0,0.45,0.92,0.67,0.3,0.0,0.3,0.0
1,0.33,0.0,0.13,0.29,0.0,0.0,0.0,0.46,0.98,0.78,0.37,0.0,0.2,0.0
1,0.34,0.0,0.22,0.29,0.0,0.0,0.0,0.46,1.03,0.76,0.35,0.0,0.07,0.0
1,0.26,0.0,0.19,0.16,0.0,0.0,0.0,0.37,0.78,0.62,0.27,0.13,0.0,0.0
1,0.17,0.0,0.08,0.07,0.0,0.0,0.0,0.26,0.54,0.48,0.25,0.2,0.0,0.0
1,0.05,0.0,0.0,0.0,0.0,0.0,0.0,0.1,0.27,0.49,0.33,0.24,0.0,0.0
1,0.0,0.0,0.0,0.0,0.0,0.0,0.0,0.1,0.37,0.6,0.47,0.2,0.0,0.0
1,0.03,0.0,0.0,0.03,0.0,0.0,0.0,0.11,0.49,0.66,0.6,0.19,0.0,0.0
1,0.05,0.0,0.0,0.07,0.0,0.0,0.0,0.14,0.72,0.66,0.6,0.16,0.0,0.0
1,0.05,0.0,0.0,0.24,0.0,0.0,0.0,0.22,0.88,0.65,0.57,0.11,0.0,0.0
1,0.07,0.0,0.0,0.21,0.0,0.0,0.0,0.27,1.04,0.66,0.33,0.18,0.0,0.0
1,0.24,0.31,0.0,0.17,0.0,0.0,0.0,0.27,1.04,0.74,0.28,0.37,0.0,0.0
1,0.36,0.55,0.0,0.0,0.0,0.0,0.0,0.29,1.18,0.88,0.17,0.48,0.05,0.0
1,0.45,0.83,0.0,0.0,0.0,0.0,0.0,0.32,1.16,0.95,0.18,0.51,0.13,0.0
1,0.42,0.76,0.0,0.0,0.0,0.0,0.0,0.4,1.17,1.03,0.15,0.44,0.18,0.0
1,0.42,0.55,0.0,0.0,0.0,0.0,0.0,0.48,0.86,1.09,0.11,0.32,0.24,0.0
1,0.52,0.27,0.0,0.0,0.0,0.0,0.0,0.57,0.71,1.23,0.15,0.32,0.18,0.0
1,0.57,0.03,0.0,0.0,0.0,0.0,0.0,0.64,0.56,1.24,0.24,0.19,0.18,0.0
1,0.65,0.0,0.0,0.0,0.0,0.0,0.0,0.61,0.64,1.2,0.36,0.18,0.14,0.0
1,0.46,0.0,0.03,0.0,0.0,0.0,0.0,0.56,0.64,1.1,0.48,0.05,0.2,0.0
1,0.32,0.0,0.05,0.0,0.0,0.0,0.0,0.51,0.7,0.97,0.52,0.07,0.21,0.0
1,0.32,0.0,0.05,0.0,0.0,0.0,0.0,0.5,0.76,0.89,0.57,0.07,0.14,0.0
1,0.46,0.0,0.02,0.0,0.0,0.0,0.0,0.46,0.77,0.93,0.58,0.09,0.06,0.0
1,0.54,0.0,0.06,0.0,0.0,0.0,0.0,0.49,0.69,1.12,0.67,0.06,0.0,0.0
1,0.48,0.0,0.06,0.0,0.0,0.0,0.0,0.51,0.68,1.28,0.75,0.04,0.0,0.0
1,0.45,0.0,0.06,0.0,0.0,0.0,0.0,0.58,0.62,1.32,0.79,0.0,0.0,0.0
1,0.3,0.0,0.0,0.0,0.0,0.0,0.0,0.61,0.85,1.17,0.81,0.0,0.02,0.0
1,0.17,0.0,0.0,0.0,0.0,0.0,0.0,0.59,1.21,0.73,0.94,0.03,0.02,0.14
1,0.0,0.0,0.0,0.0,0.0,0.0,0.0,0.59,1.6,0.38,0.95,0.03,0.02,0.14
1,0.0,0.0,0.0,0.0,0.0,0.05,0.0,0.5,1.69,0.05,0.92,0.03,0.0,0.14
1,0.0,0.0,0.05,0.0,0.0,0.13,0.0,0.47,1.44,0.26,0.78,0.0,0.01,0.1
1,0.0,0.0,0.08,0.0,0.0,0.2,0.0,0.52,1.31,0.49,0.74,0.0,0.01,0.12
1,0.0,0.0,0.25,0.0,0.0,0.29,0.0,0.68,1.17,0.66,0.45,0.0,0.01,0.21
1,0.05,0.08,0.49,0.0,0.0,0.36,0.0,0.77,1.26,0.66,0.36,0.0,0.0,0.33
1,0.24,0.26,0.78,0.0,0.0,0.46,0.0,0.85,1.29,0.56,0.32,0.0,0.0,0.59
1,0.26,0.46,0.93,0.0,0.0,0.47,0.01,0.91,1.4,0.65,0.32,0.0,0.03,0.77
1,0.38,0.71,0.98,0.0,0.0,0.35,0.01,0.97,1.36,0.71,0.23,0.0,0.05,0.74
1,0.26,0.74,1.07,0.0,0.0,0.29,0.02,0.95,1.29,0.68,0.17,0.0,0.06,0.64
1,0.36,0.61,1.13,0.04,0.0,0.26,0.01,0.9,1.23,0.6,0.27,0.0,0.03,0.52
1,0.19,0.42,0.85,0.04,0.0,0.28,0.01,1.03,1.28,0.34,0.2,0.0,0.12,0.56
1,0.13,0.28,0.48,0.04,0.0,0.18,0.0,1.18,1.31,0.2,0.1,0.0,0.26,0.66
1,0.0,0.3,0.21,0.0,0.0,0.07,0.0,1.36,1.33,0.02,0.0,0.0,0.39,0.72
1,0.0,0.28,0.3,0.0,0.0,0.05,0.0,1.41,1.31,0.08,0.0,0.0,0.42,0.85
1,0.0,0.31,0.4,0.0,0.0,0.07,0.0,1.4,1.21,0.15,0.0,0.0,0.34,0.88
1,0.0,0.29,0.49,0.0,0.0,0.09,0.0,1.38,1.18,0.18,0.0,0.0,0.32,0.98
1,0.0,0.19,0.53,0.0,0.0,0.07,0.0,1.33,1.15,0.11,0.0,0.0,0.29,0.88
1,0.0,0.09,0.63,0.0,0.0,0.07,0.0,1.35,1.28,0.11,0.0,0.0,0.22,0.85
1,0.0,0.03,0.62,0.0,0.0,0.08,0.0,1.37,1.3,0.08,0.0,0.0,0.18,0.85
1,0.0,0.01,0.6,0.0,0.0,0.09,0.0,1.32,1.23,0.08,0.02,0.0,0.28,0.91
1,0.0,0.01,0.51,0.0,0.0,0.14,0.0,1.23,1.11,0.02,0.05,0.0,0.49,0.91
1,0.0,0.0,0.53,0.0,0.0,0.21,0.0,1.16,1.07,0.02,0.14,0.0,0.61,0.98
1,0.0,0.12,0.7,0.0,0.0,0.21,0.0,1.08,1.03,0.02,0.13,0.0,0.73,0.98
1,0.07,0.37,0.84,0.11,0.0,0.2,0.0,1.02,1.1,0.02,0.11,0.0,0.85,1.15
1,0.1,0.52,0.86,0.26,0.0,0.12,0.0,0.96,1.11,0.02,0.03,0.0,0.91,1.1
1,0.1,0.48,0.74,0.32,0.0,0.1,0.0,0.97,1.27,0.0,0.06,0.0,0.83,1.19
1,0.03,0.35,0.66,0.27,0.0,0.11,0.0,0.96,1.21,0.0,0.05,0.0,0.79,1.11
1,0.0,0.25,0.55,0.12,0.0,0.22,0.0,0.91,1.12,0.0,0.05,0.0,0.83,1.04
1,0.0,0.16,0.47,0.05,0.0,0.27,0.0,0.91,1.06,0.0,0.02,0.0,0.87,1.04
1,0.0,0.05,0.43,0.04,0.0,0.31,0.0,0.91,1.05,0.0,0.02,0.0,0.87,1.05
1,0.0,0.0,0.53,0.04,0.0,0.3,0.0,0.95,1.13,0.0,0.02,0.0,0.89,1.19
1,0.0,0.0,0.56,0.04,0.0,0.22,0.0,0.95,1.09,0.0,0.02,0.0,0.87,1.07
1,0.0,0.16,0.62,0.0,0.0,0.17,0.0,0.95,1.08,0.0,0.04,0.0,0.81,1.04
1,0.0,0.34,0.69,0.0,0.0,0.1,0.0,0.91,1.06,0.0,0.11,0.03,0.68,1.0
1,0.0,0.34,0.65,0.0,0.0,0.1,0.0,0.9,1.15,0.2,0.1,0.05,0.58,0.99
1,0.0,0.35,0.63,0.0,0.0,0.08,0.0,0.9,1.23,0.4,0.16,0.05,0.46,0.98
1,0.0,0.3,0.53,0.0,0.0,0.06,0.0,0.93,1.32,0.53,0.12,0.02,0.36,0.89
1,0.0,0.42,0.59,0.0,0.0,0.06,0.0,0.92,1.37,0.48,0.12,0.0,0.28,0.86
1,0.0,0.54,0.61,0.0,0.0,0.04,0.0,0.92,1.39,0.29,0.04,0.0,0.21,0.76
1,0.0,0.63,0.62,0.0,0.0,0.03,0.0,0.9,1.37,0.21,0.04,0.0,0.25,0.74
1,0.0,0.63,0.62,0.0,0.0,0.03,0.0,0.87,1.37,0.08,0.04,0.0,0.21,0.75
1,0.03,0.54,0.5,0.0,0.0,0.0,0.0,0.84,1.31,0.11,0.03,0.0,0.17,0.79
1,0.06,0.38,0.46,0.0,0.0,0.0,0.0,0.8,1.2,0.21,0.0,0.0,0.08,0.79
1,0.07,0.34,0.43,0.0,0.0,0.0,0.0,0.78,1.09,0.27,0.0,0.0,0.02,0.76
1,0.16,0.26,0.43,0.0,0.0,0.0,0.0,0.77,1.09,0.33,0.0,0.0,0.02,0.68
1,0.21,0.34,0.43,0.0,0.0,0.0,0.0,0.8,1.18,0.36,0.02,0.0,0.0,0.73
1,0.2,0.26,0.41,0.0,0.0,0.0,0.0,0.77,1.0,0.28,0.02,0.11,0.03,0.82
1,0.08,0.15,0.35,0.0,0.0,0.0,0.0,0.74,0.88,0.17,0.06,0.14,0.03,0.93
1,0.0,0.0,0.3,0.0,0.0,0.0,0.0,0.68,0.74,0.0,0.12,0.18,0.03,1.01
1,0.0,0.0,0.24,0.0,0.0,0.0,0.0,0.68,0.83,0.0,0.2,0.2,0.0,1.02
1,0.0,0.0,0.28,0.0,0.0,0.0,0.0,0.69,0.91,0.0,0.24,0.19,0.0,1.13
1,0.0,0.0,0.31,0.0,0.0,0.0,0.0,0.69,0.96,0.0,0.24,0.15,0.0,1.1
1,0.0,0.0,0.37,0.0,0.0,0.0,0.0,0.68,1.0,0.0,0.27,0.04,0.0,1.11
1,0.0,0.0,0.4,0.0,0.0,0.0,0.0,0.69,0.97,0.0,0.27,0.03,0.0,1.04
1,0.0,0.0,0.44,0.0,0.0,0.0,0.0,0.73,1.0,0.0,0.3,0.03,0.0,1.04
1,0.0,0.0,0.48,0.0,0.0,0.0,0.0,0.8,1.14,0.0,0.3,0.02,0.0,1.0
1,0.0,0.0,0.44,0.0,0.0,0.0,0.0,0.82,1.3,0.0,0.33,0.0,0.0,0.98
1,0.0,0.0,0.35,0.0,0.0,0.0,0.0,0.83,1.42,0.0,0.32,0.0,0.0,0.91
1,0.0,0.0,0.26,0.0,0.0,0.0,0.0,0.78,1.38,0.0,0.34,0.0,0.0,0.67
1,0.0,0.0,0.35,0.0,0.0,0.0,0.0,0.76,1.37,0.0,0.35,0.0,0.0,0.48
1,0.0,0.0,0.49,0.0,0.0,0.0,0.0,0.73,1.37,0.0,0.38,0.0,0.0,0.31
1,0.0,0.0,0.66,0.0,0.0,0.0,0.0,0.7,1.44,0.0,0.41,0.0,0.0,0.31
1,0.0,0.0,0.64,0.0,0.0,0.0,0.0,0.68,1.47,0.01,0.4,0.0,0.0,0.26
1,0.0,0.0,0.65,0.0,0.0,0.0,0.0,0.69,1.45,0.0,0.46,0.0,0.0,0.29
1,0.0,0.0,0.63,0.0,0.0,0.0,0.0,0.7,1.48,0.05,0.42,0.0,0.0,0.25
1,0.0,0.0,0.63,0.0,0.0,0.0,0.0,0.68,1.53,0.13,0.51,0.0,0.0,0.26
1,0.0,0.0,0.62,0.0,0.0,0.0,0.0,0.67,1.57,0.18,0.47,0.0,0.0,0.22
1,0.0,0.0,0.62,0.0,0.0,0.0,0.0,0.66,1.58,0.16,0.54,0.0,0.0,0.24
1,0.0,0.0,0.67,0.0,0.0,0.0,0.0,0.68,1.57,0.09,0.44,0.0,0.0,0.26
1,0.0,0.0,0.6,0.0,0.0,0.0,0.0,0.69,1.59,0.09,0.46,0.0,0.0,0.23
1,0.0,0.0,0.39,0.0,0.0,0.0,0.0,0.67,1.33,0.06,0.27,0.0,0.03,0.17
1,0.0,0.0,0.16,0.06,0.0,0.0,0.0,0.61,1.05,0.05,0.19,0.0,0.06,0.07
1,0.0,0.0,0.0,0.12,0.0,0.0,0.0,0.55,0.7,0.0,0.09,0.0,0.08,0.01
1,0.0,0.0,0.0,0.21,0.0,0.0,0.0,0.55,0.64,0.0,0.1,0.0,0.07,0.01
1,0.0,0.0,0.0,0.21,0.0,0.0,0.0,0.59,0.67,0.0,0.06,0.0,0.06,0.01
1,0.0,0.0,0.0,0.19,0.0,0.0,0.0,0.59,0.73,0.0,0.03,0.0,0.05,0.02
1,0.0,0.0,0.0,0.13,0.0,0.0,0.0,0.56,0.78,0.0,0.04,0.0,0.07,0.06
1,0.0,0.0,0.0,0.15,0.0,0.0,0.0,0.56,0.74,0.0,0.04,0.0,0.04,0.07
1,0.0,0.0,0.0,0.23,0.0,0.0,0.0,0.59,0.65,0.0,0.02,0.0,0.07,0.11
1,0.0,0.0,0.0,0.19,0.0,0.0,0.0,0.67,0.67,0.0,0.0,0.0,0.07,0.07
1,0.0,0.0,0.0,0.12,0.0,0.0,0.0,0.7,0.7,0.0,0.0,0.0,0.1,0.06
1,0.0,0.0,0.0,0.0,0.0,0.0,0.0,0.73,0.83,0.0,0.0,0.0,0.14,0.0
1,0.0,0.0,0.0,0.0,0.0,0.0,0.0,0.71,0.78,0.01,0.0,0.0,0.18,0.0
1,0.0,0.0,0.0,0.0,0.0,0.0,0.0,0.71,0.71,0.01,0.0,0.0,0.22,0.0
1,0.0,0.0,0.0,0.0,0.0,0.0,0.0,0.7,0.62,0.01,0.0,0.0,0.18,0.0
1,0.0,0.0,0.0,0.0,0.0,0.0,0.0,0.68,0.63,0.0,0.0,0.0,0.19,0.02
1,0.0,0.0,0.01,0.0,0.0,0.0,0.0,0.69,0.71,0.02,0.0,0.0,0.16,0.04
1,0.0,0.0,0.02,0.0,0.0,0.0,0.0,0.72,0.76,0.04,0.0,0.0,0.17,0.04
1,0.0,0.0,0.06,0.0,0.0,0.0,0.0,0.75,0.78,0.04,0.0,0.0,0.17,0.03
1,0.02,0.0,0.07,0.0,0.0,0.0,0.0,0.74,0.77,0.02,0.0,0.0,0.31,0.03
1,0.02,0.0,0.08,0.0,0.0,0.0,0.0,0.76,0.75,0.05,0.0,0.0,0.31,0.03
1,0.02,0.0,0.04,0.0,0.0,0.0,0.0,0.76,0.77,0.09,0.0,0.0,0.27,0.03
1,0.0,0.0,0.01,0.0,0.0,0.0,0.0,0.77,0.74,0.11,0.0,0.0,0.18,0.03
1,0.0,0.0,0.0,0.0,0.0,0.0,0.0,0.79,0.74,0.13,0.0,0.0,0.25,0.1
1,0.0,0.0,0.0,0.0,0.0,0.0,0.0,0.63,0.71,0.14,0.05,0.0,0.23,0.16
1,0.0,0.0,0.0,0.0,0.0,0.11,0.0,0.46,0.73,0.22,0.21,0.0,0.25,0.14
1,0.0,0.0,0.0,0.0,0.0,0.18,0.0,0.36,0.72,0.18,0.29,0.0,0.28,0.06
1,0.0,0.0,0.0,0.0,0.0,0.22,0.0,0.44,0.71,0.2,0.24,0.0,0.45,0.0
1,0.0,0.0,0.0,0.0,0.0,0.17,0.0,0.53,0.67,0.15,0.08,0.0,0.48,0.0
1,0.0,0.0,0.0,0.0,0.0,0.18,0.0,0.53,0.7,0.2,0.0,0.0,0.51,0.0
1,0.0,0.0,0.0,0.0,0.0,0.18,0.0,0.52,0.75,0.17,0.0,0.0,0.51,0.0
1,0.0,0.0,0.0,0.0,0.0,0.19,0.0,0.51,0.8,0.17,0.0,0.0,0.55,0.0
1,0.0,0.0,0.0,0.0,0.0,0.18,0.0,0.5,0.79,0.14,0.01,0.0,0.55,0.0
1,0.0,0.0,0.0,0.0,0.0,0.21,0.0,0.49,0.8,0.16,0.06,0.0,0.52,0.0
1,0.0,0.0,0.0,0.0,0.0,0.22,0.0,0.47,0.75,0.15,0.06,0.0,0.49,0.0
1,0.0,0.0,0.0,0.0,0.0,0.2,0.0,0.47,0.74,0.22,0.07,0.0,0.47,0.02
1,0.0,0.0,0.0,0.0,0.0,0.16,0.0,0.56,0.66,0.23,0.02,0.0,0.31,0.02
1,0.0,0.0,0.0,0.03,0.0,0.09,0.0,0.7,0.76,0.19,0.05,0.0,0.16,0.02
1,0.0,0.0,0.0,0.03,0.0,0.03,0.0,0.82,0.82,0.1,0.05,0.0,0.0,0.0
1,0.0,0.0,0.0,0.03,0.0,0.0,0.0,0.85,0.99,0.06,0.12,0.0,0.0,0.0
1,0.0,0.0,0.0,0.02,0.0,0.0,0.0,0.86,0.97,0.05,0.14,0.0,0.0,0.0
1,0.0,0.0,0.0,0.02,0.0,0.0,0.0,0.85,0.99,0.04,0.14,0.0,0.0,0.06
1,0.0,0.0,0.0,0.02,0.0,0.01,0.0,0.83,0.98,0.01,0.09,0.0,0.0,0.12
1,0.0,0.0,0.0,0.0,0.0,0.01,0.0,0.79,1.07,0.01,0.09,0.0,0.0,0.21
1,0.0,0.0,0.0,0.0,0.0,0.04,0.0,0.76,1.09,0.04,0.07,0.0,0.0,0.27
1,0.0,0.0,0.0,0.0,0.0,0.07,0.0,0.77,1.13,0.09,0.09,0.0,0.0,0.22
1,0.0,0.0,0.0,0.0,0.0,0.12,0.0,0.82,1.15,0.13,0.08,0.0,0.0,0.15
1,0.0,0.0,0.0,0.0,0.0,0.15,0.0,0.85,1.13,0.1,0.09,0.0,0.0,0.08
1,0.0,0.0,0.0,0.0,0.0,0.1,0.0,0.67,0.96,0.05,0.05,0.0,0.02,0.06
1,0.0,0.0,0.0,0.02,0.0,0.05,0.0,0.53,0.76,0.01,0.01,0.0,0.02,0.04
1,0.0,0.0,0.0,0.02,0.0,0.0,0.0,0.39,0.62,0.0,0.0,0.0,0.02,0.0
1,0.0,0.0,0.0,0.06,0.0,0.0,0.0,0.45,0.6,0.0,0.0,0.0,0.0,0.0
1,0.0,0.0,0.0,0.04,0.0,0.0,0.0,0.44,0.61,0.0,0.0,0.0,0.0,0.0
1,0.0,0.0,0.0,0.05,0.0,0.0,0.0,0.43,0.64,0.0,0.01,0.0,0.0,0.0
1,0.0,0.0,0.0,0.02,0.0,0.0,0.0,0.42,0.64,0.0,0.01,0.0,0.0,0.0
1,0.0,0.0,0.0,0.07,0.0,0.0,0.0,0.4,0.65,0.0,0.01,0.0,0.0,0.0
1,0.0,0.0,0.0,0.06,0.0,0.0,0.0,0.41,0.63,0.0,0.0,0.0,0.0,0.0
1,0.0,0.0,0.0,0.07,0.0,0.0,0.0,0.39,0.68,0.0,0.0,0.0,0.0,0.0
1,0.0,0.0,0.0,0.03,0.0,0.0,0.0,0.41,0.7,0.0,0.0,0.0,0.0,0.0
1,0.0,0.0,0.0,0.03,0.0,0.0,0.0,0.41,0.72,0.0,0.0,0.0,0.0,0.0
1,0.0,0.0,0.0,0.01,0.0,0.0,0.0,0.36,0.79,0.0,0.0,0.01,0.0,0.0
1,0.0,0.0,0.0,0.0,0.0,0.0,0.0,0.21,0.95,0.0,0.0,0.04,0.0,0.0
