 success, AU01_r, AU02_r, AU04_r, AU05_r, AU06_r, AU09_r, AU10_r, AU12_r, AU14_r, AU15_r, AU17_r, AU20_r, AU25_r, AU26_r
1,0.0,0.27,0.23,0.0,0.0,1.03,0.37,0.08,1.02,0.0,0.52,0.0,0.0,0.0
1,0.18,0.34,0.55,0.0,0.0,1.04,0.43,0.26,1.1,0.13,0.44,0.0,0.0,0.0
1,0.18,0.31,0.62,0.0,0.0,1.14,0.43,0.36,1.25,0.3,0.29,0.0,0.0,0.0
1,0.0,0.22,0.36,0.0,0.05,1.22,0.37,0.36,1.34,0.22,0.23,0.0,0.0,0.0
1,0.1,0.24,0.25,0.0,0.05,1.2,0.32,0.37,1.53,0.32,0.19,0.0,0.0,0.0
1,0.1,0.25,0.16,0.0,0.05,1.18,0.28,0.43,1.56,0.19,0.18,0.0,0.0,0.0
1,0.16,0.41,0.35,0.0,0.09,1.22,0.36,0.48,1.53,0.33,0.22,0.0,0.0,0.0
1,0.06,0.48,0.32,0.0,0.09,1.19,0.32,0.53,1.46,0.39,0.3,0.0,0.0,0.0
1,0.06,0.46,0.35,0.0,0.09,1.18,0.24,0.46,1.22,0.55,0.37,0.0,0.0,0.0
1,0.02,0.42,0.43,0.0,0.01,1.19,0.19,0.43,1.39,0.59,0.57,0.0,0.0,0.0
1,0.02,0.25,0.7,0.0,0.02,1.21,0.25,0.39,1.42,0.48,0.73,0.0,0.0,0.0
1,0.16,0.2,0.75,0.0,0.02,0.86,0.24,0.28,1.3,0.4,0.95,0.0,0.0,0.05
1,0.14,0.0,0.59,0.0,0.01,0.49,0.09,0.13,0.96,0.25,0.79,0.0,0.04,0.05
1,0.14,0.0,0.26,0.0,0.0,0.21,0.0,0.0,0.61,0.22,0.58,0.0,0.1,0.05
1,0.17,0.0,0.3,0.0,0.0,0.18,0.0,0.0,0.69,0.3,0.41,0.0,0.17,0.0
1,0.19,0.0,0.36,0.0,0.0,0.2,0.0,0.0,0.72,0.42,0.44,0.0,0.15,0.0
1,0.19,0.0,0.42,0.0,0.0,0.22,0.0,0.0,0.77,0.44,0.47,0.0,0.1,0.0
1,0.12,0.0,0.44,0.0,0.0,0.33,0.0,0.0,0.82,0.38,0.51,0.0,0.03,0.11
1,0.22,0.0,0.43,0.0,0.0,0.39,0.0,0.0,0.82,0.36,0.48,0.0,0.01,0.24
1,0.26,0.0,0.46,0.0,0.0,0.39,0.0,0.0,0.76,0.35,0.5,0.0,0.01,0.32
1,0.16,0.0,0.34,0.0,0.0,0.28,0.0,0.0,0.73,0.34,0.44,0.0,0.08,0.26
1,0.04,0.0,0.22,0.0,0.0,0.25,0.0,0.0,0.7,0.21,0.44,0.0,0.08,0.21
1,0.0,0.0,0.16,0.0,0.0,0.14,0.0,0.0,0.72,0.12,0.52,0.0,0.09,0.13
1,0.0,0.0,0.09,0.0,0.0,0.11,0.0,0.0,0.94,0.0,0.51,0.0,0.1,0.3
1,0.02,0.0,0.15,0.0,0.0,0.0,0.0,0.0,1.11,0.05,0.51,0.0,0.1,0.5
1,0.13,0.0,0.24,0.0,0.0,0.0,0.0,0.0,1.46,0.11,0.43,0.0,0.19,0.61
1,0.43,0.0,0.46,0.0,0.0,0.0,0.0,0.0,1.45,0.24,0.33,0.0,0.31,0.56
1,0.6,0.0,0.52,0.0,0.0,0.0,0.0,0.0,1.56,0.3,0.21,0.0,0.44,0.39
1,0.59,0.06,0.62,0.0,0.0,0.0,0.0,0.0,1.5,0.28,0.16,0.0,0.45,0.52
1,0.35,0.06,0.52,0.0,0.0,0.0,0.0,0.0,1.5,0.25,0.23,0.0,0.35,0.55
1,0.17,0.06,0.48,0.0,0.0,0.0,0.0,0.03,1.39,0.33,0.38,0.0,0.27,0.68
1,0.07,0.0,0.29,0.0,0.0,0.0,0.0,0.05,1.37,0.51,0.43,0.0,0.27,0.65
1,0.06,0.0,0.22,0.0,0.0,0.0,0.0,0.06,1.25,0.62,0.52,0.0,0.27,0.64
1,0.17,0.03,0.22,0.0,0.0,0.0,0.0,0.04,1.23,0.63,0.48,0.0,0.35,0.6
1,0.29,0.03,0.29,0.0,0.0,0.02,0.0,0.02,1.13,0.58,0.53,0.0,0.4,0.57
1,0.33,0.03,0.42,0.0,0.0,0.04,0.0,0.0,1.26,0.38,0.7,0.01,0.41,0.6
1,0.27,0.0,0.54,0.0,0.0,0.08,0.0,0.0,1.04,0.22,0.84,0.01,0.41,0.64
1,0.22,0.0,0.55,0.0,0.0,0.06,0.0,0.0,1.0,0.04,0.88,0.01,0.36,0.64
1,0.18,0.0,0.55,0.0,0.0,0.04,0.0,0.0,0.92,0.12,0.85,0.0,0.32,0.77
1,0.14,0.0,0.56,0.0,0.0,0.0,0.0,0.0,1.07,0.09,0.79,0.0,0.31,0.85
1,0.21,0.0,0.67,0.0,0.0,0.0,0.04,0.03,1.18,0.09,1.03,0.0,0.39,1.14
1,0.15,0.0,0.72,0.0,0.0,0.03,0.07,0.03,1.14,0.0,1.1,0.0,0.42,1.13
1,0.26,0.0,0.79,0.0,0.0,0.07,0.07,0.03,1.12,0.0,1.33,0.0,0.3,1.29
1,0.14,0.0,0.84,0.0,0.0,0.14,0.02,0.0,0.98,0.0,1.24,0.0,0.11,1.13
1,0.29,0.0,0.85,0.0,0.0,0.11,0.0,0.0,0.96,0.0,1.42,0.0,0.02,0.92
1,0.33,0.0,0.87,0.0,0.0,0.07,0.0,0.0,1.15,0.0,1.51,0.0,0.0,0.72
1,0.46,0.0,0.92,0.0,0.0,0.0,0.05,0.0,1.46,0.03,1.7,0.06,0.0,0.66
1,0.44,0.0,0.68,0.0,0.0,0.0,0.13,0.0,1.34,0.28,1.96,0.14,0.02,1.21
1,0.28,0.0,0.42,0.0,0.0,0.0,0.17,0.0,1.1,0.45,2.18,0.16,0.02,1.57
1,0.41,0.05,0.12,0.0,0.0,0.0,0.18,0.01,0.81,0.59,2.32,0.1,0.02,1.95
1,0.62,0.19,0.11,0.0,0.0,0.0,0.11,0.03,0.97,0.51,2.14,0.02,0.22,1.83
1,0.99,0.52,0.1,0.0,0.0,0.0,0.08,0.11,1.0,0.39,2.11,0.06,0.25,1.73
1,1.04,0.61,0.11,0.0,0.0,0.0,0.03,0.1,0.93,0.39,1.98,0.06,0.39,1.75
1,1.22,0.71,0.35,0.0,0.0,0.03,0.09,0.09,0.87,0.22,1.95,0.06,0.53,1.66
1,1.14,0.63,0.45,0.0,0.0,0.03,0.07,0.02,0.82,0.31,1.79,0.0,0.89,1.68
1,1.23,0.59,0.5,0.0,0.0,0.03,0.07,0.02,0.63,0.21,1.68,0.0,0.99,1.37
1,1.09,0.56,0.57,0.0,0.0,0.0,0.0,0.0,0.42,0.29,1.71,0.0,0.9,1.38
1,1.17,0.52,0.89,0.0,0.0,0.0,0.0,0.0,0.15,0.14,1.61,0.0,0.89,1.27
1,1.48,0.85,0.98,0.0,0.0,0.0,0.0,0.0,0.1,0.46,1.55,0.0,0.94,1.24
1,1.7,0.99,0.66,0.0,0.0,0.0,0.0,0.0,0.0,0.49,1.47,0.0,1.01,1.16
1,1.75,0.93,0.21,0.0,0.0,0.0,0.0,0.0,0.0,0.64,1.46,0.0,0.94,1.1
1,1.44,0.53,0.0,0.0,0.0,0.0,0.0,0.0,0.0,0.45,1.53,0.0,0.88,1.18
1,1.04,0.2,0.0,0.0,0.0,0.0,0.0,0.0,0.0,0.54,1.61,0.0,0.71,1.08
1,0.79,0.04,0.0,0.0,0.0,0.0,0.0,0.0,0.0,0.52,1.76,0.0,0.56,1.03
1,0.57,0.02,0.0,0.0,0.0,0.0,0.0,0.0,0.0,0.48,1.81,0.0,0.51,0.81
1,0.57,0.0,0.0,0.0,0.0,0.0,0.0,0.0,0.0,0.41,1.88,0.0,0.57,0.74
1,0.77,0.0,0.0,0.0,0.0,0.0,0.0,0.02,0.0,0.35,1.84,0.0,0.65,0.84
1,0.91,0.0,0.0,0.0,0.0,0.0,0.0,0.07,0.0,0.28,1.79,0.0,0.83,1.16
1,0.91,0.0,0.0,0.0,0.0,0.0,0.0,0.07,0.0,0.18,1.55,0.0,0.76,1.43
1,0.75,0.0,0.0,0.0,0.0,0.0,0.0,0.07,0.0,0.2,1.49,0.0,0.62,1.47
1,0.75,0.0,0.0,0.0,0.0,0.0,0.0,0.14,0.0,0.2,1.62,0.0,0.54,1.48
1,0.59,0.0,0.0,0.0,0.0,0.0,0.02,0.14,0.07,0.15,1.83,0.0,0.63,1.65
1,0.46,0.0,0.01,0.0,0.0,0.0,0.04,0.12,0.2,0.09,2.16,0.0,0.8,2.05
1,0.14,0.0,0.13,0.0,0.0,0.0,0.15,0.0,0.27,0.04,2.28,0.0,0.98,2.37
1,0.16,0.03,0.13,0.0,0.0,0.0,0.18,0.0,0.37,0.04,2.31,0.0,1.17,2.25
1,0.16,0.09,0.28,0.0,0.0,0.0,0.21,0.0,0.38,0.02,2.12,0.0,1.02,1.89
1,0.38,0.43,0.31,0.0,0.0,0.0,0.28,0.01,0.46,0.0,2.07,0.0,0.65,1.46
1,0.41,0.58,0.31,0.0,0.0,0.01,0.23,0.08,0.39,0.0,1.68,0.0,0.38,1.25
1,0.66,1.06,0.19,0.0,0.0,0.11,0.19,0.15,0.46,0.16,1.27,0.04,0.59,0.97
1,0.72,1.32,0.16,0.0,0.0,0.12,0.13,0.22,0.55,0.34,0.76,0.18,0.81,0.96
1,0.94,1.63,0.29,0.0,0.0,0.11,0.2,0.23,0.76,0.35,0.84,0.28,0.92,0.7
1,0.88,1.48,0.36,0.0,0.0,0.02,0.41,0.29,0.98,0.25,0.86,0.35,0.81,0.61
1,0.79,1.15,0.43,0.0,0.0,0.04,0.44,0.27,1.23,0.23,0.92,0.21,0.74,0.24
1,0.5,0.66,0.3,0.17,0.0,0.04,0.36,0.19,1.35,0.22,0.55,0.11,0.53,0.12
1,0.25,0.26,0.2,0.17,0.0,0.03,0.15,0.06,1.36,0.17,0.3,0.0,0.28,0.07
1,0.06,0.0,0.01,0.2,0.0,0.0,0.0,0.0,1.31,0.0,0.13,0.12,0.06,0.14
1,0.05,0.0,0.02,0.04,0.0,0.0,0.0,0.0,1.34,0.0,0.21,0.19,0.02,0.25
1,0.0,0.0,0.01,0.04,0.0,0.0,0.0,0.0,1.45,0.0,0.19,0.38,0.09,0.17
1,0.0,0.0,0.13,0.0,0.0,0.07,0.0,0.0,1.47,0.0,0.13,0.33,0.09,0.25
1,0.08,0.02,0.15,0.0,0.0,0.2,0.0,0.0,1.52,0.0,0.07,0.27,0.07,0.45
1,0.13,0.18,0.31,0.0,0.0,0.27,0.0,0.0,1.52,0.0,0.11,0.16,0.01,0.68
1,0.14,0.28,0.34,0.0,0.0,0.2,0.0,0.0,1.52,0.0,0.15,0.19,0.01,0.86
1,0.12,0.36,0.44,0.0,0.0,0.13,0.0,0.0,1.51,0.0,0.18,0.23,0.01,0.84
1,0.19,0.29,0.44,0.0,0.0,0.14,0.0,0.0,1.43,0.0,0.21,0.25,0.03,0.9
1,0.23,0.26,0.41,0.0,0.0,0.15,0.0,0.0,1.39,0.0,0.29,0.2,0.03,0.71
1,0.17,0.16,0.28,0.15,0.0,0.1,0.0,0.0,1.05,0.09,0.24,0.16,0.31,0.43
1,0.05,0.07,0.12,0.15,0.0,0.03,0.0,0.0,0.77,0.09,0.16,0.06,0.63,0.13
1,0.0,0.0,0.0,0.15,0.0,0.0,0.0,0.0,0.49,0.09,0.0,0.0,0.95,0.0
1,0.0,0.0,0.0,0.0,0.0,0.0,0.0,0.0,0.53,0.0,0.0,0.0,1.0,0.01
1,0.0,0.0,0.0,0.05,0.0,0.0,0.0,0.0,0.49,0.0,0.0,0.0,0.98,0.02
1,0.0,0.0,0.0,0.05,0.0,0.0,0.0,0.0,0.51,0.0,0.0,0.0,1.03,0.05
1,0.0,0.0,0.0,0.05,0.0,0.0,0.0,0.0,0.48,0.0,0.0,0.0,0.99,0.05
1,0.0,0.0,0.02,0.06,0.0,0.0,0.0,0.0,0.54,0.0,0.0,0.0,1.03,0.08
1,0.0,0.0,0.06,0.08,0.0,0.0,0.0,0.0,0.54,0.0,0.0,0.0,0.95,0.06
1,0.0,0.0,0.06,0.08,0.0,0.0,0.0,0.0,0.58,0.0,0.0,0.0,0.97,0.04
1,0.0,0.0,0.05,0.01,0.0,0.0,0.0,0.0,0.51,0.0,0.0,0.01,0.86,0.0
1,0.0,0.0,0.04,0.0,0.0,0.0,0.0,0.0,0.46,0.0,0.0,0.02,0.87,0.0
1,0.13,0.0,0.04,0.0,0.0,0.0,0.0,0.0,0.45,0.0,0.03,0.02,0.92,0.01
1,0.32,0.0,0.03,0.0,0.0,0.0,0.0,0.0,0.5,0.0,0.03,0.01,0.9,0.02
1,0.42,0.0,0.0,0.0,0.0,0.0,0.0,0.0,0.59,0.0,0.03,0.0,0.87,0.12
1,0.37,0.0,0.0,0.0,0.0,0.0,0.0,0.0,0.59,0.0,0.0,0.0,0.79,0.18
1,0.25,0.0,0.0,0.0,0.0,0.0,0.0,0.0,0.57,0.0,0.0,0.0,0.77,0.18
1,0.22,0.0,0.0,0.0,0.0,0.0,0.0,0.0,0.55,0.0,0.0,0.0,0.8,0.17
1,0.17,0.0,0.0,0.0,0.0,0.0,0.0,0.0,0.54,0.0,0.0,0.0,0.82,0.23
1,0.1,0.0,0.0,0.0,0.0,0.0,0.0,0.0,0.52,0.0,0.0,0.0,0.84,0.22
1,0.09,0.0,0.0,0.0,0.0,0.0,0.0,0.0,0.47,0.0,0.0,0.0,0.84,0.22
1,0.09,0.0,0.0,0.0,0.0,0.0,0.0,0.0,0.49,0.0,0.0,0.0,0.86,0.15
1,0.11,0.0,0.0,0.0,0.0,0.01,0.0,0.0,0.53,0.0,0.0,0.0,0.89,0.15
1,0.05,0.0,0.04,0.08,0.0,0.01,0.0,0.0,0.6,0.0,0.0,0.02,0.83,0.06
1,0.29,0.06,0.12,0.08,0.0,0.01,0.0,0.0,0.64,0.11,0.0,0.24,0.78,0.0
1,0.4,0.06,0.12,0.08,0.0,0.0,0.0,0.0,0.77,0.26,0.07,0.38,0.78,0.0
1,0.4,0.06,0.08,0.0,0.0,0.0,0.0,0.0,0.74,0.27,0.07,0.44,0.88,0.0
1,0.18,0.0,0.0,0.0,0.0,0.0,0.0,0.0,0.67,0.22,0.09,0.33,0.9,0.0
1,0.11,0.0,0.07,0.0,0.0,0.05,0.0,0.0,0.54,0.13,0.02,0.34,0.89,0.0
1,0.11,0.0,0.07,0.0,0.0,0.13,0.0,0.0,0.57,0.15,0.02,0.34,0.8,0.0
1,0.06,0.0,0.07,0.0,0.0,0.2,0.0,0.0,0.57,0.16,0.0,0.29,0.79,0.0
1,0.0,0.0,0.03,0.0,0.0,0.21,0.0,0.0,0.51,0.1,0.0,0.17,0.82,0.0
1,0.0,0.0,0.08,0.0,0.0,0.22,0.0,0.0,0.47,0.1,0.0,0.16,0.87,0.04
1,0.0,0.0,0.12,0.0,0.0,0.22,0.0,0.0,0.5,0.04,0.0,0.18,0.86,0.04
1,0.0,0.0,0.09,0.0,0.0,0.2,0.0,0.0,0.52,0.08,0.0,0.26,0.77,0.06
1,0.0,0.0,0.05,0.0,0.0,0.2,0.0,0.0,0.5,0.09,0.0,0.32,0.66,0.02
1,0.0,0.0,0.01,0.0,0.0,0.13,0.0,0.0,0.57,0.22,0.0,0.3,0.69,0.02
1,0.0,0.0,0.01,0.0,0.0,0.08,0.0,0.0,0.62,0.22,0.0,0.24,0.78,0.0
1,0.0,0.0,0.0,0.0,0.0,0.0,0.0,0.0,0.65,0.2,0.02,0.15,0.87,0.0
1,0.0,0.0,0.0,0.0,0.0,0.0,0.0,0.0,0.59,0.12,0.08,0.08,0.85,0.07
1,0.0,0.0,0.0,0.0,0.0,0.0,0.0,0.0,0.62,0.2,0.08,0.07,0.79,0.07
1,0.0,0.0,0.0,0.0,0.0,0.0,0.0,0.0,0.67,0.27,0.11,0.07,0.7,0.07
1,0.0,0.0,0.0,0.05,0.0,0.0,0.0,0.0,0.73,0.31,0.08,0.07,0.69,0.0
1,0.0,0.0,0.0,0.05,0.0,0.0,0.0,0.0,0.7,0.27,0.1,0.07,0.66,0.0
1,0.0,0.0,0.0,0.05,0.0,0.0,0.0,0.0,0.72,0.28,0.08,0.08,0.64,0.0
1,0.0,0.0,0.0,0.0,0.0,0.0,0.0,0.0,0.67,0.27,0.09,0.11,0.62,0.01
1,0.0,0.0,0.0,0.0,0.0,0.0,0.0,0.0,0.62,0.23,0.11,0.08,0.61,0.03
1,0.0,0.0,0.0,0.0,0.0,0.0,0.0,0.0,0.55,0.18,0.15,0.03,0.62,0.03
1,0.0,0.0,0.0,0.08,0.0,0.0,0.0,0.0,0.53,0.11,0.11,0.01,0.45,0.03
1,0.0,0.0,0.0,0.12,0.0,0.0,0.0,0.04,0.56,0.06,0.08,0.01,0.33,0.16
1,0.0,0.0,0.0,0.12,0.0,0.0,0.0,0.06,0.57,0.05,0.0,0.03,0.24,0.23
1,0.0,0.0,0.0,0.04,0.0,0.0,0.0,0.11,0.56,0.05,0.0,0.02,0.22,0.37
1,0.0,0.0,0.0,0.0,0.0,0.01,0.0,0.11,0.57,0.05,0.0,0.04,0.16,0.39
1,0.0,0.0,0.0,0.0,0.0,0.01,0.0,0.13,0.57,0.01,0.0,0.02,0.06,0.4
1,0.0,0.0,0.0,0.0,0.0,0.01,0.0,0.08,0.63,0.01,0.0,0.02,0.09,0.41
1,0.0,0.0,0.0,0.0,0.0,0.0,0.0,0.04,0.68,0.03,0.0,0.0,0.18,0.37
1,0.0,0.0,0.0,0.0,0.0,0.0,0.0,0.0,0.68,0.02,0.0,0.03,0.21,0.43
1,0.0,0.0,0.0,0.0,0.0,0.0,0.0,0.0,0.63,0.03,0.0,0.03,0.18,0.42
1,0.0,0.0,0.0,0.0,0.0,0.0,0.0,0.0,0.56,0.05,0.0,0.03,0.14,0.53
1,0.0,0.0,0.0,0.0,0.0,0.0,0.0,0.0,0.52,0.08,0.0,0.0,0.2,0.6
1,0.0,0.0,0.18,0.0,0.0,0.0,0.0,0.0,0.51,0.07,0.0,0.01,0.36,0.49
1,0.0,0.0,0.41,0.0,0.0,0.0,0.0,0.0,0.49,0.03,0.0,0.03,0.5,0.25
1,0.0,0.0,0.64,0.0,0.0,0.0,0.0,0.0,0.56,0.0,0.0,0.07,0.64,0.03
1,0.0,0.0,0.71,0.0,0.0,0.0,0.0,0.0,0.57,0.0,0.0,0.09,0.69,0.0
1,0.0,0.0,0.65,0.0,0.0,0.0,0.0,0.0,0.6,0.0,0.0,0.1,0.78,0.0
1,0.0,0.0,0.53,0.0,0.0,0.0,0.0,0.0,0.64,0.0,0.0,0.15,0.85,0.0
1,0.0,0.0,0.44,0.0,0.0,0.0,0.0,0.0,0.59,0.0,0.0,0.14,0.87,0.0
1,0.0,0.0,0.42,0.0,0.0,0.0,0.0,0.0,0.56,0.0,0.0,0.13,0.82,0.0
1,0.0,0.0,0.43,0.0,0.0,0.0,0.0,0.0,0.51,0.0,0.0,0.05,0.77,0.03
1,0.0,0.0,0.43,0.03,0.0,0.0,0.0,0.0,0.56,0.0,0.0,0.02,0.73,0.06
1,0.0,0.0,0.43,0.03,0.0,0.0,0.0,0.0,0.62,0.0,0.0,0.0,0.74,0.07
1,0.0,0.0,0.45,0.03,0.0,0.0,0.0,0.0,0.6,0.0,0.0,0.0,0.78,0.05
1,0.0,0.0,0.35,0.0,0.0,0.0,0.0,0.0,0.65,0.03,0.0,0.1,0.53,0.18
1,0.0,0.0,0.36,0.0,0.0,0.06,0.0,0.0,0.65,0.03,0.0,0.2,0.33,0.38
1,0.0,0.0,0.35,0.0,0.0,0.13,0.0,0.0,0.69,0.03,0.0,0.26,0.12,0.54
1,0.0,0.0,0.44,0.0,0.0,0.18,0.0,0.0,0.67,0.0,0.0,0.24,0.15,0.54
1,0.0,0.0,0.46,0.0,0.0,0.19,0.0,0.0,0.71,0.0,0.01,0.25,0.12,0.53
1,0.0,0.0,0.43,0.0,0.0,0.18,0.0,0.0,0.71,0.0,0.01,0.3,0.12,0.58
1,0.0,0.0,0.43,0.0,0.0,0.2,0.0,0.0,0.73,0.0,0.01,0.3,0.16,0.54
1,0.0,0.0,0.43,0.0,0.0,0.2,0.0,0.0,0.76,0.0,0.0,0.34,0.25,0.51
1,0.0,0.0,0.42,0.0,0.0,0.21,0.0,0.0,0.83,0.0,0.0,0.37,0.21,0.49
1,0.0,0.0,0.37,0.0,0.0,0.22,0.0,0.0,0.86,0.02,0.0,0.43,0.21,0.58
1,0.0,0.0,0.29,0.01,0.0,0.18,0.0,0.0,0.85,0.02,0.0,0.41,0.11,0.68
1,0.0,0.0,0.31,0.1,0.0,0.13,0.0,0.0,0.87,0.02,0.0,0.29,0.07,0.76
1,0.12,0.0,0.23,0.1,0.0,0.06,0.0,0.0,0.71,0.08,0.16,0.2,0.14,0.57
1,0.18,0.0,0.22,0.11,0.0,0.03,0.0,0.0,0.52,0.21,0.33,0.09,0.28,0.32
1,0.24,0.07,0.13,0.12,0.0,0.0,0.01,0.0,0.23,0.29,0.36,0.06,0.5,0.05
1,0.12,0.07,0.08,0.14,0.0,0.0,0.01,0.0,0.15,0.28,0.24,0.01,0.56,0.01
1,0.06,0.07,0.01,0.19,0.0,0.0,0.01,0.0,0.09,0.2,0.17,0.03,0.54,0.0
1,0.0,0.0,0.0,0.13,0.0,0.0,0.0,0.0,0.09,0.13,0.18,0.03,0.52,0.0
1,0.07,0.0,0.0,0.1,0.0,0.0,0.0,0.0,0.17,0.1,0.15,0.1,0.54,0.0
1,0.31,0.09,0.0,0.04,0.0,0.0,0.0,0.0,0.24,0.12,0.06,0.13,0.68,0.0
1,0.56,0.16,0.0,0.01,0.0,0.0,0.0,0.0,0.28,0.26,0.09,0.23,0.67,0.0
1,0.74,0.18,0.0,0.01,0.0,0.0,0.0,0.0,0.16,0.38,0.2,0.29,0.65,0.0
1,0.67,0.17,0.06,0.0,0.0,0.0,0.0,0.0,0.09,0.38,0.28,0.24,0.51,0.0
1,0.48,0.19,0.06,0.0,0.0,0.0,0.0,0.0,0.09,0.28,0.24,0.14,0.44,0.0
1,0.23,0.17,0.09,0.0,0.0,0.0,0.0,0.0,0.11,0.3,0.18,0.06,0.35,0.0
1,0.06,0.09,0.1,0.07,0.0,0.0,0.0,0.0,0.2,0.51,0.23,0.1,0.33,0.0
1,0.07,0.0,0.19,0.07,0.0,0.01,0.0,0.0,0.13,0.56,0.21,0.1,0.37,0.06
1,0.07,0.0,0.29,0.07,0.0,0.03,0.0,0.0,0.12,0.47,0.21,0.06,0.32,0.06
1,0.08,0.0,0.35,0.0,0.0,0.05,0.0,0.0,0.02,0.35,0.11,0.1,0.31,0.06
1,0.01,0.0,0.42,0.0,0.0,0.04,0.0,0.0,0.02,0.32,0.17,0.13,0.24,0.0
1,0.01,0.0,0.44,0.0,0.0,0.05,0.0,0.0,0.0,0.34,0.17,0.17,0.26,0.0
1,0.0,0.0,0.45,0.01,0.0,0.04,0.0,0.0,0.0,0.29,0.2,0.13,0.3,0.0
1,0.0,0.0,0.4,0.01,0.0,0.04,0.0,0.0,0.0,0.32,0.23,0.16,0.33,0.0
1,0.0,0.0,0.31,0.05,0.0,0.0,0.0,0.0,0.0,0.27,0.21,0.17,0.39,0.01
1,0.0,0.0,0.26,0.08,0.0,0.0,0.0,0.0,0.0,0.29,0.18,0.12,0.42,0.01
1,0.0,0.0,0.22,0.08,0.0,0.02,0.0,0.0,0.0,0.36,0.14,0.14,0.4,0.01
1,0.0,0.0,0.15,0.06,0.0,0.02,0.0,0.0,0.0,0.28,0.13,0.34,0.28,0.0
1,0.0,0.0,0.12,0.02,0.0,0.02,0.0,0.0,0.0,0.18,0.08,0.49,0.17,0.0
1,0.0,0.0,0.05,0.01,0.0,0.05,0.0,0.0,0.0,0.01,0.03,0.53,0.13,0.01
1,0.0,0.0,0.05,0.05,0.0,0.08,0.0,0.0,0.07,0.0,0.0,0.43,0.14,0.08
1,0.0,0.0,0.03,0.05,0.0,0.1,0.0,0.0,0.11,0.0,0.0,0.46,0.15,0.13
1,0.0,0.0,0.06,0.07,0.0,0.05,0.0,0.0,0.18,0.0,0.01,0.51,0.16,0.16
1,0.0,0.0,0.1,0.02,0.0,0.03,0.0,0.0,0.15,0.0,0.03,0.47,0.15,0.09
1,0.0,0.0,0.14,0.02,0.0,0.04,0.0,0.0,0.18,0.0,0.07,0.43,0.16,0.04
1,0.0,0.0,0.11,0.02,0.0,0.08,0.0,0.0,0.13,0.0,0.06,0.39,0.09,0.12
1,0.0,0.0,0.1,0.01,0.0,0.07,0.0,0.0,0.09,0.0,0.04,0.36,0.06,0.21
1,0.0,0.0,0.05,0.01,0.0,0.06,0.0,0.0,0.02,0.0,0.02,0.44,0.03,0.21
1,0.0,0.0,0.06,0.0,0.0,0.02,0.0,0.0,0.01,0.0,0.02,0.44,0.03,0.08
1,0.0,0.0,0.12,0.0,0.0,0.01,0.0,0.0,0.15,0.07,0.07,0.32,0.03,0.04
1,0.0,0.0,0.35,0.0,0.0,0.0,0.0,0.02,0.22,0.07,0.05,0.12,0.11,0.12
1,0.0,0.0,0.55,0.0,0.0,0.03,0.0,0.06,0.34,0.07,0.09,0.0,0.22,0.19
1,0.0,0.0,0.58,0.0,0.0,0.11,0.0,0.06,0.33,0.0,0.07,0.0,0.31,0.26
1,0.0,0.0,0.52,0.0,0.0,0.18,0.0,0.04,0.46,0.0,0.14,0.0,0.27,0.28
1,0.0,0.0,0.47,0.0,0.0,0.2,0.0,0.0,0.52,0.0,0.15,0.0,0.24,0.34
1,0.0,0.0,0.56,0.0,0.0,0.21,0.0,0.01,0.51,0.0,0.2,0.0,0.19,0.33
1,0.01,0.0,0.62,0.0,0.0,0.15,0.0,0.02,0.4,0.0,0.14,0.0,0.23,0.32
1,0.08,0.0,0.68,0.0,0.0,0.18,0.0,0.02,0.39,0.0,0.1,0.0,0.26,0.32
1,0.13,0.0,0.65,0.0,0.0,0.21,0.0,0.03,0.4,0.0,0.07,0.0,0.23,0.26
1,0.18,0.0,0.64,0.0,0.0,0.3,0.0,0.03,0.34,0.0,0.05,0.0,0.16,0.26
1,0.16,0.0,0.65,0.0,0.0,0.23,0.0,0.06,0.33,0.0,0.09,0.0,0.07,0.17
1,0.17,0.01,0.46,0.0,0.0,0.12,0.0,0.04,0.43,0.04,0.3,0.05,0.14,0.14
1,0.1,0.01,0.23,0.0,0.0,0.01,0.0,0.04,0.69,0.13,0.66,0.08,0.09,0.09
1,0.1,0.02,0.0,0.0,0.0,0.0,0.0,0.0,0.75,0.22,0.98,0.08,0.07,0.11
1,0.27,0.25,0.0,0.0,0.0,0.0,0.0,0.0,0.91,0.46,1.08,0.03,0.07,0.1
1,0.72,0.56,0.0,0.04,0.0,0.0,0.0,0.06,0.83,0.37,1.15,0.1,0.12,0.07
1,1.22,0.8,0.0,0.04,0.0,0.0,0.0,0.06,0.93,0.39,1.25,0.18,0.12,0.0
1,1.24,0.73,0.0,0.04,0.0,0.0,0.0,0.09,0.82,0.36,1.42,0.18,0.18,0.03
1,1.14,0.64,0.1,0.0,0.0,0.0,0.0,0.02,0.81,0.54,1.63,0.11,0.3,0.23
1,0.93,0.61,0.11,0.0,0.0,0.0,0.0,0.03,0.85,0.74,1.77,0.04,0.54,0.42
1,0.98,0.57,0.11,0.0,0.0,0.0,0.0,0.01,0.98,0.68,1.78,0.13,1.02,0.92
1,0.96,0.68,0.18,0.12,0.0,0.0,0.0,0.03,0.91,0.51,1.77,0.11,1.24,1.16
1,0.95,0.69,0.38,0.12,0.0,0.0,0.0,0.02,0.75,0.32,1.81,0.11,1.41,1.33
1,0.84,0.73,0.38,0.12,0.0,0.0,0.12,0.06,0.74,0.27,1.91,0.11,1.1,1.1
1,0.64,0.55,0.24,0.0,0.0,0.0,0.31,0.16,0.83,0.26,1.97,0.09,1.13,0.86
1,0.57,0.39,0.03,0.0,0.0,0.0,0.4,0.27,0.79,0.15,1.83,0.08,1.24,0.76
1,0.62,0.34,0.03,0.0,0.0,0.0,0.27,0.33,0.51,0.0,1.83,0.0,1.43,0.61
1,0.72,0.42,0.0,0.0,0.0,0.0,0.13,0.26,0.31,0.0,1.69,0.0,1.39,0.58
1,0.67,0.53,0.0,0.0,0.0,0.0,0.04,0.24,0.22,0.0,1.73,0.0,1.09,0.55
1,0.93,0.67,0.0,0.0,0.0,0.0,0.04,0.17,0.18,0.0,1.6,0.0,0.8,0.58
1,1.03,0.61,0.0,0.0,0.0,0.0,0.0,0.19,0.33,0.0,1.62,0.0,0.44,0.61
1,0.95,0.42,0.0,0.0,0.0,0.0,0.0,0.1,0.43,0.0,1.5,0.0,0.22,0.88
1,0.5,0.19,0.11,0.0,0.0,0.0,0.0,0.07,0.53,0.0,1.46,0.0,0.01,1.03
1,0.28,0.03,0.32,0.0,0.0,0.0,0.0,0.01,0.67,0.0,1.38,0.0,0.1,1.11
1,0.54,0.32,0.49,0.0,0.0,0.0,0.01,0.09,0.65,0.0,1.36,0.0,0.27,1.06
1,0.52,0.3,0.48,0.0,0.0,0.0,0.01,0.09,0.47,0.02,1.65,0.0,0.4,1.17
1,0.38,0.28,0.31,0.0,0.0,0.0,0.01,0.09,0.16,0.02,1.86,0.0,0.45,1.12
1,0.02,0.0,0.24,0.0,0.0,0.0,0.0,0.0,0.01,0.02,2.14,0.0,0.4,0.99
1,0.0,0.0,0.26,0.0,0.0,0.0,0.0,0.0,0.12,0.0,2.13,0.0,0.38,0.85
1,0.0,0.06,0.3,0.0,0.0,0.0,0.0,0.0,0.15,0.02,2.24,0.0,0.28,0.91
1,0.14,0.31,0.21,0.0,0.0,0.0,0.0,0.0,0.24,0.04,2.33,0.0,0.45,0.88
1,0.23,0.54,0.08,0.0,0.0,0.0,0.0,0.0,0.19,0.15,2.45,0.0,0.68,0.82
1,0.31,0.54,0.0,0.0,0.0,0.0,0.0,0.0,0.14,0.21,2.48,0.0,0.88,0.8
1,0.27,0.61,0.0,0.0,0.0,0.0,0.0,0.0,0.06,0.34,2.48,0.0,0.78,0.83
1,0.33,0.74,0.0,0.0,0.0,0.0,0.0,0.0,0.0,0.3,2.37,0.0,0.76,1.02
1,0.36,1.07,0.0,0.0,0.0,0.0,0.02,0.01,0.02,0.22,2.24,0.0,0.67,1.28
1,0.25,0.96,0.04,0.0,0.0,0.0,0.02,0.01,0.04,0.07,2.09,0.0,0.64,1.37
1,0.13,0.73,0.04,0.0,0.0,0.0,0.02,0.02,0.14,0.0,1.9,0.0,0.5,1.41
1,0.03,0.35,0.04,0.0,0.0,0.0,0.0,0.06,0.2,0.0,1.65,0.0,0.56,1.43
1,0.03,0.17,0.01,0.0,0.0,0.0,0.0,0.06,0.31,0.0,1.42,0.0,0.56,1.62
1,0.0,0.05,0.01,0.0,0.0,0.0,0.0,0.05,0.29,0.0,1.4,0.0,0.39,1.52
1,0.0,0.04,0.0,0.0,0.0,0.0,0.0,0.03,0.32,0.0,1.5,0.0,0.28,1.37
1,0.0,0.02,0.0,0.0,0.0,0.0,0.0,0.03,0.32,0.0,1.64,0.0,0.22,1.12
1,0.0,0.02,0.0,0.0,0.0,0.0,0.0,0.03,0.37,0.0,1.64,0.0,0.22,1.05
1,0.0,0.0,0.0,0.0,0.0,0.0,0.0,0.0,0.39,0.0,1.6,0.0,0.11,0.99
1,0.0,0.0,0.0,0.0,0.0,0.0,0.0,0.0,0.39,0.0,1.57,0.0,0.0,1.09
1,0.0,0.0,0.0,0.0,0.0,0.0,0.0,0.0,0.29,0.0,1.56,0.08,0.06,1.31
1,0.0,0.0,0.01,0.0,0.0,0.0,0.0,0.0,0.21,0.0,1.49,0.08,0.24,1.47
1,0.0,0.0,0.07,0.0,0.0,0.0,0.0,0.0,0.1,0.0,1.45,0.08,0.5,1.67
1,0.08,0.0,0.07,0.0,0.0,0.0,0.0,0.0,0.34,0.0,1.47,0.0,0.6,1.64
1,0.08,0.0,0.06,0.0,0.0,0.0,0.0,0.0,0.74,0.0,1.58,0.0,0.45,1.75
1,0.15,0.0,0.02,0.0,0.0,0.06,0.03,0.0,1.07,0.0,1.72,0.0,0.19,1.96
1,0.07,0.0,0.02,0.0,0.0,0.06,0.03,0.04,1.13,0.0,1.7,0.0,0.13,2.23
1,0.11,0.0,0.02,0.0,0.0,0.06,0.03,0.04,0.94,0.0,1.56,0.0,0.1,2.26
1,0.04,0.0,0.0,0.0,0.0,0.11,0.0,0.04,0.84,0.0,1.42,0.0,0.14,2.2
1,0.2,0.0,0.0,0.0,0.0,0.19,0.0,0.0,0.8,0.0,1.16,0.0,0.21,2.02
1,0.42,0.04,0.0,0.0,0.0,0.27,0.0,0.0,0.77,0.0,1.01,0.0,0.44,1.82
1,0.83,0.04,0.0,0.0,0.0,0.26,0.0,0.0,0.74,0.15,0.73,0.0,0.58,1.46
1,1.05,0.04,0.0,0.0,0.0,0.18,0.0,0.0,0.68,0.33,0.67,0.0,0.76,1.35
1,0.98,0.0,0.0,0.0,0.0,0.14,0.0,0.0,0.76,0.64,0.56,0.0,0.79,1.17
1,1.01,0.15,0.0,0.0,0.0,0.18,0.0,0.0,0.89,0.71,0.74,0.0,0.95,1.07
1,0.72,0.15,0.0,0.0,0.0,0.18,0.0,0.0,1.11,0.69,0.69,0.0,0.87,0.89
1,0.63,0.16,0.0,0.0,0.0,0.25,0.0,0.01,1.19,0.42,0.57,0.02,0.94,0.96
1,0.22,0.01,0.0,0.0,0.0,0.22,0.0,0.02,1.34,0.3,0.27,0.02,0.88,0.99
1,0.13,0.02,0.0,0.0,0.0,0.31,0.0,0.05,1.32,0.18,0.34,0.02,0.93,0.92
1,0.04,0.01,0.0,0.0,0.0,0.25,0.0,0.1,1.38,0.26,0.38,0.0,0.94,0.86
1,0.06,0.01,0.0,0.0,0.0,0.14,0.0,0.13,1.31,0.39,0.49,0.04,0.97,0.82
1,0.13,0.0,0.0,0.0,0.0,0.14,0.08,0.1,1.23,0.44,0.5,0.04,0.82,0.8
1,0.23,0.03,0.0,0.0,0.0,0.14,0.13,0.04,1.13,0.48,0.68,0.07,0.69,0.74
1,0.18,0.03,0.0,0.0,0.0,0.17,0.23,0.04,1.07,0.36,0.68,0.07,0.65,0.7
1,0.17,0.03,0.0,0.0,0.0,0.14,0.21,0.1,1.15,0.46,0.69,0.08,0.67,0.75
1,0.12,0.0,0.0,0.0,0.0,0.16,0.16,0.11,1.09,0.51,0.52,0.1,0.79,0.75
1,0.19,0.0,0.0,0.0,0.0,0.26,0.08,0.12,1.01,0.58,0.51,0.1,0.74,0.78
1,0.14,0.0,0.0,0.14,0.0,0.21,0.03,0.06,0.95,0.39,0.29,0.3,0.62,0.56
1,0.07,0.0,0.0,0.14,0.0,0.14,0.03,0.06,1.02,0.19,0.18,0.49,0.46,0.44
1,0.04,0.0,0.01,0.14,0.0,0.0,0.0,0.06,1.05,0.0,0.0,0.62,0.47,0.24
1,0.04,0.0,0.05,0.0,0.0,0.0,0.0,0.1,0.95,0.0,0.0,0.58,0.54,0.27
1,0.04,0.0,0.1,0.0,0.0,0.01,0.0,0.1,0.85,0.0,0.0,0.54,0.63,0.26
1,0.0,0.0,0.11,0.02,0.0,0.01,0.0,0.11,0.82,0.0,0.0,0.55,0.6,0.23
1,0.0,0.0,0.16,0.06,0.0,0.01,0.0,0.14,0.92,0.0,0.0,0.57,0.59,0.18
1,0.0,0.0,0.16,0.06,0.0,0.0,0.0,0.17,1.01,0.0,0.0,0.61,0.5,0.21
1,0.0,0.0,0.14,0.05,0.0,0.0,0.0,0.15,1.04,0.0,0.0,0.65,0.46,0.25
1,0.0,0.0,0.12,0.01,0.0,0.01,0.03,0.08,0.97,0.0,0.0,0.74,0.52,0.34
1,0.01,0.0,0.19,0.01,0.0,0.01,0.03,0.07,0.97,0.0,0.05,0.73,0.57,0.29
1,0.01,0.0,0.25,0.0,0.0,0.03,0.04,0.08,0.94,0.0,0.09,0.81,0.65,0.25
1,0.01,0.0,0.23,0.28,0.0,0.01,0.02,0.08,1.01,0.0,0.09,0.6,0.55,0.12
1,0.0,0.0,0.19,0.42,0.0,0.01,0.01,0.04,0.92,0.0,0.08,0.4,0.4,0.06
1,0.0,0.0,0.17,0.55,0.0,0.0,0.0,0.0,0.93,0.0,0.07,0.17,0.27,0.07
1,0.0,0.0,0.16,0.45,0.0,0.0,0.0,0.0,0.83,0.0,0.07,0.1,0.2,0.11
1,0.0,0.0,0.13,0.51,0.0,0.0,0.0,0.0,0.82,0.0,0.04,0.06,0.21,0.16
1,0.0,0.0,0.11,0.49,0.0,0.02,0.0,0.0,0.9,0.02,0.09,0.14,0.16,0.09
1,0.0,0.0,0.1,0.32,0.0,0.03,0.0,0.02,1.1,0.02,0.25,0.22,0.24,0.05
1,0.0,0.0,0.24,0.11,0.0,0.14,0.0,0.02,1.27,0.08,0.44,0.22,0.3,0.0
1,0.0,0.0,0.45,0.0,0.0,0.21,0.0,0.02,1.28,0.06,0.49,0.09,0.24,0.07
1,0.0,0.0,0.66,0.0,0.0,0.33,0.0,0.0,1.15,0.06,0.4,0.0,0.12,0.07
1,0.0,0.0,0.67,0.0,0.0,0.36,0.0,0.0,1.05,0.0,0.33,0.0,0.01,0.07
1,0.0,0.0,0.59,0.0,0.0,0.42,0.0,0.0,0.96,0.0,0.24,0.0,0.03,0.01
1,0.0,0.0,0.34,0.0,0.0,0.29,0.0,0.02,0.83,0.0,0.17,0.06,0.03,0.01
1,0.0,0.0,0.15,0.0,0.0,0.24,0.0,0.02,0.7,0.0,0.1,0.09,0.04,0.01
1,0.0,0.0,0.0,0.0,0.0,0.12,0.0,0.03,0.66,0.0,0.09,0.09,0.08,0.0
1,0.0,0.0,0.0,0.0,0.0,0.16,0.0,0.01,0.6,0.0,0.1,0.06,0.1,0.0
1,0.0,0.0,0.0,0.0,0.0,0.12,0.0,0.01,0.54,0.0,0.04,0.11,0.15,0.0
1,0.0,0.0,0.0,0.0,0.0,0.17,0.0,0.0,0.46,0.0,0.01,0.19,0.11,0.0
1,0.0,0.0,0.0,0.0,0.0,0.21,0.0,0.01,0.47,0.0,0.04,0.23,0.13,0.0
1,0.0,0.0,0.0,0.0,0.0,0.23,0.0,0.02,0.52,0.0,0.04,0.25,0.11,0.0
1,0.09,0.04,0.0,0.0,0.0,0.16,0.0,0.06,0.81,0.0,0.04,0.26,0.19,0.0
1,0.09,0.04,0.05,0.0,0.0,0.08,0.0,0.05,1.03,0.0,0.0,0.35,0.27,0.0
1,0.09,0.04,0.08,0.0,0.0,0.03,0.0,0.05,1.17,0.0,0.0,0.47,0.33,0.0
1,0.0,0.0,0.1,0.0,0.0,0.03,0.0,0.0,1.15,0.0,0.0,0.47,0.24,0.0
1,0.0,0.0,0.06,0.0,0.0,0.03,0.0,0.0,1.22,0.04,0.02,0.32,0.25,0.0
1,0.0,0.02,0.02,0.0,0.0,0.0,0.0,0.0,1.4,0.04,0.08,0.11,0.25,0.0
1,0.0,0.16,0.0,0.0,0.0,0.0,0.0,0.0,1.46,0.09,0.24,0.01,0.3,0.0
1,0.0,0.17,0.0,0.0,0.0,0.05,0.0,0.0,1.48,0.12,0.28,0.0,0.22,0.0
1,0.0,0.16,0.0,0.0,0.0,0.05,0.0,0.0,1.49,0.21,0.33,0.05,0.19,0.0
1,0.0,0.11,0.0,0.0,0.0,0.04,0.0,0.0,1.5,0.17,0.33,0.05,0.21,0.0
1,0.0,0.14,0.0,0.0,0.0,0.02,0.0,0.0,1.42,0.11,0.3,0.05,0.26,0.0
1,0.0,0.17,0.0,0.0,0.0,0.02,0.0,0.0,1.34,0.08,0.23,0.0,0.27,0.0
1,0.0,0.09,0.0,0.0,0.0,0.02,0.0,0.0,1.22,0.09,0.11,0.0,0.29,0.0
1,0.0,0.05,0.0,0.0,0.0,0.03,0.0,0.0,1.26,0.09,0.1,0.0,0.27,0.0
1,0.0,0.0,0.0,0.0,0.0,0.03,0.0,0.0,1.18,0.07,0.08,0.0,0.25,0.0
1,0.0,0.0,0.0,0.0,0.0,0.03,0.0,0.0,1.21,0.14,0.08,0.0,0.27,0.0
1,0.0,0.0,0.0,0.0,0.0,0.0,0.0,0.02,1.09,0.13,0.06,0.0,0.31,0.03
1,0.0,0.0,0.0,0.0,0.0,0.0,0.0,0.02,1.06,0.08,0.02,0.0,0.38,0.03
1,0.0,0.0,0.0,0.0,0.0,0.0,0.0,0.02,0.97,0.0,0.0,0.0,0.38,0.03
1,0.0,0.0,0.0,0.0,0.0,0.0,0.0,0.0,0.99,0.0,0.0,0.0,0.41,0.0
1,0.0,0.0,0.0,0.0,0.0,0.0,0.0,0.0,1.08,0.0,0.03,0.0,0.41,0.03
1,0.0,0.0,0.0,0.0,0.0,0.0,0.0,0.0,1.14,0.0,0.03,0.0,0.44,0.03
1,0.0,0.0,0.0,0.0,0.0,0.0,0.0,0.0,1.17,0.0,0.03,0.0,0.33,0.05
1,0.0,0.0,0.0,0.0,0.0,0.0,0.0,0.0,1.15,0.0,0.0,0.0,0.28,0.02
1,0.0,0.0,0.0,0.0,0.0,0.0,0.0,0.0,1.11,0.0,0.0,0.0,0.28,0.02
1,0.0,0.0,0.0,0.0,0.0,0.0,0.0,0.0,1.1,0.0,0.0,0.0,0.33,0.04
1,0.0,0.0,0.0,0.0,0.0,0.0,0.0,0.0,1.1,0.0,0.04,0.0,0.29,0.04
1,0.0,0.0,0.0,0.0,0.0,0.0,0.0,0.0,1.18,0.0,0.04,0.0,0.28,0.04
1,0.0,0.0,0.0,0.0,0.0,0.0,0.0,0.0,1.09,0.0,0.04,0.08,0.21,0.06
1,0.0,0.0,0.03,0.0,0.0,0.0,0.0,0.03,0.96,0.0,0.0,0.28,0.27,0.12
1,0.0,0.0,0.08,0.0,0.0,0.01,0.0,0.08,0.82,0.0,0.0,0.45,0.24,0.17
1,0.0,0.0,0.12,0.0,0.0,0.05,0.0,0.09,0.8,0.0,0.0,0.55,0.21,0.2
1,0.0,0.0,0.15,0.0,0.0,0.08,0.0,0.1,0.74,0.0,0.0,0.58,0.23,0.22
1,0.0,0.0,0.1,0.0,0.0,0.1,0.0,0.11,0.69,0.0,0.0,0.63,0.27,0.27
1,0.0,0.02,0.09,0.0,0.0,0.06,0.0,0.14,0.75,0.0,0.0,0.59,0.31,0.22
1,0.0,0.02,0.03,0.0,0.0,0.03,0.0,0.14,0.88,0.0,0.0,0.59,0.36,0.22
1,0.0,0.02,0.03,0.0,0.0,0.02,0.0,0.09,1.02,0.0,0.0,0.53,0.45,0.23
1,0.0,0.0,0.0,0.0,0.0,0.04,0.0,0.08,1.0,0.0,0.0,0.56,0.62,0.2
1,0.0,0.0,0.0,0.0,0.0,0.09,0.0,0.07,1.03,0.03,0.03,0.57,0.62,0.17
1,0.0,0.0,0.0,0.0,0.0,0.14,0.0,0.09,1.0,0.06,0.03,0.62,0.65,0.1
1,0.11,0.0,0.01,0.0,0.0,0.13,0.0,0.06,0.94,0.07,0.03,0.6,0.45,0.1
1,0.21,0.0,0.06,0.0,0.0,0.07,0.0,0.04,0.87,0.03,0.07,0.37,0.25,0.03
1,0.31,0.0,0.13,0.0,0.0,0.0,0.0,0.0,0.88,0.02,0.11,0.2,0.01,0.0
1,0.33,0.0,0.17,0.0,0.0,0.0,0.0,0.0,0.88,0.05,0.13,0.1,0.0,0.03
1,0.37,0.0,0.14,0.0,0.0,0.0,0.0,0.0,0.75,0.05,0.08,0.1,0.0,0.04
1,0.33,0.0,0.08,0.0,0.0,0.0,0.0,0.0,0.68,0.04,0.07,0.05,0.01,0.04
1,0.3,0.0,0.09,0.0,0.0,0.0,0.0,0.0,0.73,0.0,0.05,0.01,0.06,0.0
1,0.24,0.0,0.16,0.0,0.0,0.01,0.0,0.0,0.82,0.0,0.03,0.01,0.07,0.0
1,0.19,0.0,0.21,0.0,0.0,0.01,0.0,0.0,0.84,0.0,0.0,0.07,0.06,0.0
1,0.15,0.0,0.23,0.0,0.0,0.01,0.0,0.0,0.77,0.0,0.0,0.21,0.01,0.0
1,0.12,0.0,0.19,0.0,0.0,0.0,0.0,0.0,0.75,0.05,0.05,0.37,0.0,0.0
1,0.19,0.0,0.2,0.0,0.0,0.0,0.0,0.0,0.74,0.08,0.05,0.5,0.0,0.0
1,0.13,0.0,0.11,0.0,0.0,0.0,0.0,0.0,0.9,0.08,0.07,0.44,0.0,0.11
1,0.09,0.0,0.08,0.0,0.0,0.0,0.0,0.0,0.98,0.03,0.18,0.32,0.0,0.26
1,0.0,0.0,0.0,0.0,0.0,0.0,0.0,0.0,1.07,0.0,0.32,0.17,0.0,0.43
1,0.0,0.0,0.0,0.0,0.0,0.0,0.0,0.0,1.06,0.0,0.45,0.14,0.0,0.48
1,0.0,0.0,0.0,0.0,0.0,0.0,0.0,0.0,1.07,0.0,0.43,0.12,0.0,0.56
1,0.0,0.0,0.0,0.0,0.0,0.0,0.0,0.0,1.06,0.0,0.33,0.07,0.03,0.56
1,0.0,0.0,0.0,0.0,0.0,0.0,0.0,0.0,1.02,0.0,0.28,0.02,0.06,0.56
1,0.0,0.0,0.0,0.0,0.0,0.0,0.0,0.0,0.96,0.0,0.22,0.0,0.11,0.5
1,0.0,0.0,0.0,0.0,0.0,0.0,0.0,0.0,0.9,0.0,0.26,0.0,0.14,0.51
1,0.0,0.0,0.0,0.0,0.0,0.0,0.0,0.0,0.85,0.0,0.23,0.0,0.16,0.51
1,0.0,0.0,0.0,0.0,0.0,0.0,0.0,0.0,0.86,0.0,0.24,0.0,0.1,0.5
1,0.0,0.0,0.0,0.0,0.0,0.0,0.0,0.0,0.86,0.0,0.24,0.0,0.05,0.47
1,0.0,0.0,0.0,0.0,0.0,0.0,0.0,0.0,0.91,0.0,0.29,0.0,0.02,0.3
1,0.0,0.0,0.0,0.11,0.0,0.0,0.0,0.0,0.82,0.0,0.31,0.05,0.02,0.13
1,0.0,0.0,0.12,0.11,0.0,0.11,0.0,0.0,0.65,0.03,0.42,0.09,0.04,0.0
1,0.0,0.0,0.21,0.11,0.0,0.22,0.0,0.0,0.52,0.03,0.48,0.11,0.03,0.0
1,0.0,0.0,0.29,0.0,0.0,0.28,0.0,0.0,0.45,0.03,0.47,0.08,0.04,0.0
1,0.0,0.0,0.26,0.0,0.0,0.28,0.0,0.0,0.46,0.0,0.44,0.13,0.06,0.0
1,0.0,0.0,0.23,0.08,0.0,0.23,0.0,0.0,0.38,0.0,0.42,0.13,0.06,0.0
1,0.0,0.0,0.18,0.13,0.0,0.18,0.0,0.0,0.36,0.0,0.45,0.12,0.06,0.0
1,0.0,0.0,0.16,0.18,0.0,0.11,0.0,0.0,0.35,0.0,0.41,0.09,0.02,0.0
1,0.01,0.0,0.12,0.14,0.0,0.04,0.0,0.0,0.41,0.03,0.43,0.15,0.01,0.0
1,0.01,0.0,0.17,0.09,0.0,0.03,0.0,0.0,0.4,0.03,0.45,0.19,0.01,0.0
1,0.01,0.0,0.21,0.04,0.0,0.0,0.0,0.0,0.46,0.03,0.49,0.19,0.05,0.0
1,0.0,0.0,0.19,0.0,0.0,0.0,0.0,0.0,0.52,0.0,0.32,0.13,0.29,0.1
1,0.0,0.0,0.16,0.0,0.0,0.0,0.0,0.0,0.63,0.12,0.16,0.15,0.38,0.2
1,0.0,0.0,0.15,0.0,0.0,0.0,0.0,0.0,0.85,0.24,0.0,0.1,0.67,0.29
1,0.17,0.0,0.18,0.0,0.0,0.0,0.0,0.0,0.99,0.45,0.0,0.21,0.75,0.2
1,0.38,0.0,0.13,0.0,0.0,0.0,0.0,0.0,1.08,0.48,0.0,0.31,1.03,0.1
1,0.38,0.0,0.06,0.0,0.0,0.0,0.0,0.0,1.06,0.46,0.0,0.37,1.09,0.11
1,0.21,0.0,0.17,0.0,0.0,0.0,0.0,0.0,1.06,0.39,0.03,0.25,1.02,0.22
1,0.0,0.0,0.29,0.0,0.0,0.0,0.0,0.0,1.1,0.37,0.06,0.09,0.88,0.32
1,0.0,0.0,0.39,0.0,0.0,0.0,0.0,0.0,1.09,0.43,0.06,0.02,0.69,0.22
1,0.0,0.0,0.38,0.0,0.0,0.0,0.0,0.0,0.92,0.37,0.03,0.02,0.64,0.18
1,0.0,0.0,0.35,0.0,0.0,0.04,0.0,0.0,0.91,0.31,0.13,0.09,0.62,0.12
1,0.0,0.0,0.27,0.0,0.0,0.05,0.0,0.0,0.87,0.29,0.26,0.12,0.58,0.18
1,0.12,0.0,0.3,0.0,0.0,0.05,0.0,0.0,0.85,0.21,0.44,0.17,0.55,0.21
1,0.14,0.0,0.25,0.0,0.0,0.06,0.0,0.0,0.76,0.25,0.58,0.13,0.6,0.29
1,0.2,0.0,0.26,0.0,0.0,0.1,0.0,0.0,0.71,0.31,0.71,0.18,0.7,0.35
1,0.16,0.0,0.11,0.0,0.0,0.11,0.0,0.02,0.7,0.45,0.83,0.14,0.69,0.39
1,0.2,0.0,0.15,0.0,0.0,0.1,0.0,0.02,0.74,0.47,0.84,0.14,0.61,0.36
1,0.23,0.0,0.11,0.0,0.0,0.07,0.0,0.02,0.73,0.42,0.83,0.07,0.55,0.31
1,0.31,0.0,0.21,0.0,0.0,0.06,0.0,0.01,0.75,0.35,0.89,0.05,0.55,0.29
1,0.33,0.0,0.17,0.0,0.0,0.04,0.0,0.0,0.61,0.31,0.88,0.06,0.51,0.27
1,0.42,0.0,0.21,0.0,0.0,0.03,0.0,0.0,0.52,0.21,0.84,0.04,0.54,0.3
1,0.45,0.0,0.14,0.0,0.0,0.04,0.0,0.0,0.45,0.15,0.7,0.04,0.53,0.3
1,0.54,0.0,0.13,0.0,0.0,0.03,0.0,0.0,0.48,0.05,0.67,0.0,0.56,0.32
1,0.49,0.0,0.06,0.0,0.0,0.02,0.0,0.0,0.58,0.11,0.66,0.0,0.55,0.33
1,0.31,0.0,0.15,0.0,0.0,0.0,0.0,0.0,0.9,0.11,0.56,0.0,0.45,0.23
1,0.13,0.0,0.15,0.06,0.0,0.03,0.0,0.0,1.1,0.11,0.61,0.0,0.31,0.12
1,0.0,0.0,0.17,0.06,0.0,0.07,0.0,0.0,1.2,0.0,0.58,0.0,0.14,0.0
1,0.0,0.0,0.1,0.06,0.0,0.09,0.0,0.0,1.1,0.0,0.62,0.0,0.1,0.01
1,0.0,0.0,0.13,0.0,0.0,0.07,0.0,0.0,1.06,0.0,0.55,0.0,0.06,0.02
1,0.0,0.0,0.18,0.0,0.0,0.06,0.0,0.0,1.04,0.0,0.63,0.0,0.06,0.08
1,0.0,0.0,0.22,0.0,0.0,0.03,0.0,0.0,1.05,0.0,0.7,0.0,0.07,0.1
1,0.0,0.0,0.2,0.07,0.0,0.02,0.0,0.0,1.03,0.0,0.75,0.0,0.1,0.12
1,0.0,0.0,0.18,0.15,0.0,0.0,0.0,0.0,1.01,0.0,0.7,0.0,0.13,0.08
1,0.0,0.0,0.15,0.22,0.0,0.0,0.0,0.0,1.0,0.0,0.71,0.0,0.1,0.1
1,0.0,0.0,0.18,0.15,0.0,0.0,0.0,0.0,1.01,0.0,0.75,0.0,0.06,0.09
1,0.0,0.0,0.18,0.07,0.0,0.0,0.0,0.0,0.98,0.0,0.86,0.0,0.02,0.07
1,0.19,0.0,0.21,0.03,0.0,0.0,0.0,0.0,0.95,0.0,0.69,0.04,0.01,0.02
1,0.28,0.0,0.3,0.03,0.0,0.02,0.0,0.0,1.11,0.0,0.55,0.05,0.01,0.07
1,0.46,0.0,0.41,0.04,0.0,0.02,0.0,0.0,1.3,0.0,0.36,0.05,0.0,0.1
1,0.4,0.0,0.44,0.01,0.0,0.02,0.0,0.0,1.49,0.0,0.46,0.01,0.0,0.15
1,0.43,0.0,0.38,0.01,0.0,0.0,0.0,0.0,1.49,0.0,0.43,0.0,0.0,0.13
1,0.4,0.01,0.35,0.0,0.0,0.0,0.0,0.0,1.51,0.0,0.48,0.0,0.0,0.17
1,0.37,0.01,0.33,0.0,0.0,0.0,0.0,0.0,1.55,0.0,0.51,0.0,0.0,0.16
1,0.4,0.01,0.33,0.0,0.0,0.0,0.0,0.0,1.57,0.0,0.6,0.05,0.0,0.13
1,0.34,0.0,0.34,0.0,0.0,0.0,0.0,0.0,1.57,0.0,0.62,0.05,0.0,0.09
1,0.36,0.0,0.38,0.0,0.0,0.0,0.0,0.0,1.58,0.0,0.67,0.05,0.0,0.1
1,0.33,0.0,0.37,0.0,0.0,0.0,0.0,0.0,1.56,0.0,0.65,0.01,0.0,0.14
1,0.42,0.0,0.34,0.0,0.0,0.0,0.0,0.0,1.48,0.0,0.6,0.03,0.0,0.17
1,0.29,0.0,0.21,0.0,0.0,0.0,0.0,0.0,1.21,0.03,0.57,0.03,0.0,0.12
1,0.24,0.0,0.11,0.0,0.0,0.0,0.0,0.0,1.07,0.03,0.56,0.02,0.0,0.06
1,0.09,0.0,0.0,0.0,0.0,0.0,0.0,0.0,0.98,0.03,0.55,0.0,0.0,0.0
1,0.25,0.0,0.0,0.0,0.0,0.0,0.0,0.0,1.09,0.0,0.49,0.02,0.0,0.0
1,0.31,0.0,0.0,0.0,0.0,0.0,0.0,0.0,1.08,0.0,0.44,0.04,0.0,0.0
1,0.37,0.0,0.0,0.0,0.0,0.0,0.0,0.0,1.08,0.0,0.42,0.1,0.0,0.03
1,0.27,0.0,0.0,0.0,0.0,0.0,0.0,0.0,1.05,0.0,0.35,0.13,0.0,0.03
1,0.2,0.0,0.0,0.0,0.0,0.0,0.0,0.0,1.07,0.0,0.29,0.12,0.0,0.05
1,0.16,0.0,0.0,0.0,0.0,0.0,0.0,0.0,1.08,0.0,0.27,0.05,0.0,0.04
1,0.2,0.0,0.0,0.0,0.0,0.0,0.0,0.0,1.01,0.0,0.29,0.01,0.0,0.06
1,0.19,0.0,0.0,0.0,0.0,0.0,0.0,0.0,0.99,0.0,0.32,0.0,0.0,0.06
1,0.22,0.0,0.0,0.0,0.0,0.0,0.0,0.0,0.99,0.0,0.32,0.03,0.0,0.05
1,0.13,0.0,0.0,0.0,0.0,0.0,0.0,0.0,1.04,0.03,0.4,0.03,0.05,0.22
1,0.08,0.0,0.0,0.0,0.0,0.0,0.0,0.0,1.06,0.03,0.44,0.03,0.13,0.44
1,0.0,0.0,0.0,0.0,0.0,0.0,0.0,0.0,1.07,0.03,0.49,0.0,0.14,0.56
1,0.0,0.0,0.0,0.0,0.0,0.0,0.0,0.0,1.04,0.0,0.51,0.0,0.1,0.5
1,0.0,0.0,0.0,0.0,0.0,0.0,0.0,0.0,1.04,0.0,0.5,0.0,0.05,0.5
1,0.0,0.0,0.0,0.0,0.0,0.0,0.0,0.0,1.0,0.0,0.51,0.0,0.12,0.62
1,0.0,0.0,0.0,0.0,0.0,0.0,0.0,0.0,1.02,0.0,0.46,0.0,0.17,0.69
1,0.0,0.0,0.0,0.0,0.0,0.0,0.0,0.0,0.97,0.0,0.46,0.0,0.18,0.74
1,0.0,0.0,0.03,0.0,0.0,0.0,0.0,0.0,1.01,0.0,0.45,0.01,0.12,0.79
1,0.0,0.0,0.03,0.0,0.0,0.0,0.0,0.0,1.03,0.0,0.47,0.01,0.12,0.87
1,0.0,0.0,0.03,0.0,0.0,0.0,0.0,0.0,0.98,0.0,0.43,0.01,0.22,0.82
1,0.0,0.0,0.0,0.0,0.0,0.0,0.0,0.0,0.89,0.0,0.44,0.0,0.28,0.84
1,0.14,0.0,0.02,0.0,0.0,0.0,0.0,0.0,0.75,0.0,0.42,0.0,0.29,0.56
1,0.19,0.0,0.17,0.0,0.0,0.0,0.0,0.0,0.72,0.0,0.43,0.0,0.25,0.3
1,0.33,0.0,0.28,0.0,0.0,0.0,0.0,0.0,0.69,0.0,0.37,0.0,0.2,0.0
1,0.37,0.0,0.36,0.0,0.0,0.0,0.0,0.0,0.73,0.0,0.36,0.0,0.19,0.0
1,0.5,0.0,0.29,0.0,0.0,0.01,0.0,0.0,0.77,0.0,0.29,0.0,0.2,0.07
1,0.57,0.0,0.25,0.0,0.0,0.01,0.0,0.0,0.8,0.0,0.23,0.0,0.27,0.14
1,0.62,0.0,0.27,0.0,0.0,0.01,0.0,0.0,0.79,0.0,0.15,0.0,0.29,0.22
1,0.54,0.0,0.29,0.0,0.0,0.0,0.0,0.0,0.76,0.0,0.16,0.0,0.26,0.17
1,0.48,0.0,0.32,0.0,0.0,0.04,0.0,0.0,0.73,0.0,0.22,0.0,0.3,0.11
1,0.38,0.0,0.33,0.0,0.0,0.04,0.0,0.0,0.76,0.0,0.26,0.0,0.34,0.09
1,0.41,0.0,0.33,0.0,0.0,0.08,0.0,0.0,0.85,0.0,0.35,0.0,0.36,0.14
1,0.41,0.0,0.34,0.0,0.0,0.09,0.0,0.0,0.93,0.0,0.35,0.0,0.3,0.22
1,0.41,0.0,0.32,0.0,0.0,0.09,0.0,0.0,1.05,0.02,0.44,0.09,0.18,0.27
1,0.34,0.0,0.22,0.0,0.0,0.05,0.0,0.0,1.09,0.02,0.41,0.13,0.08,0.34
1,0.21,0.0,0.24,0.0,0.0,0.0,0.0,0.0,1.2,0.02,0.51,0.16,0.0,0.41
1,0.07,0.0,0.21,0.0,0.0,0.0,0.0,0.0,1.21,0.03,0.45,0.07,0.0,0.47
1,0.0,0.0,0.21,0.0,0.0,0.0,0.0,0.0,1.14,0.03,0.61,0.03,0.0,0.5
1,0.0,0.0,0.19,0.0,0.0,0.0,0.0,0.0,1.04,0.03,0.74,0.0,0.0,0.54
1,0.0,0.0,0.15,0.0,0.0,0.0,0.0,0.0,1.02,0.0,0.99,0.18,0.0,0.61
1,0.0,0.0,0.16,0.0,0.0,0.0,0.0,0.0,1.11,0.0,1.03,0.32,0.0,0.69
1,0.0,0.0,0.05,0.0,0.0,0.0,0.0,0.0,1.16,0.0,1.1,0.46,0.0,0.74
1,0.0,0.0,0.06,0.0,0.0,0.0,0.0,0.0,1.19,0.01,1.14,0.46,0.0,0.73
1,0.0,0.0,0.06,0.0,0.0,0.0,0.0,0.0,1.18,0.01,1.35,0.33,0.0,0.75
1,0.05,0.0,0.06,0.0,0.0,0.0,0.0,0.0,1.19,0.06,1.48,0.33,0.0,0.72
1,0.08,0.0,0.0,0.1,0.0,0.0,0.0,0.0,1.12,0.05,1.58,0.28,0.15,0.84
1,0.14,0.0,0.04,0.1,0.0,0.0,0.0,0.0,0.97,0.05,1.43,0.36,0.32,0.94
1,0.16,0.0,0.04,0.1,0.0,0.0,0.0,0.0,0.96,0.0,1.23,0.32,0.42,1.15
1,0.34,0.0,0.14,0.0,0.0,0.0,0.0,0.0,0.82,0.0,1.3,0.32,0.27,1.22
1,0.4,0.0,0.25,0.0,0.0,0.0,0.0,0.0,0.79,0.0,1.45,0.29,0.1,1.17
1,0.84,0.48,0.25,0.0,0.0,0.0,0.0,0.08,0.63,0.0,1.52,0.34,0.13,1.05
1,1.2,0.95,0.15,0.0,0.0,0.0,0.0,0.16,0.59,0.02,1.29,0.33,0.43,0.91
1,1.62,1.34,0.05,0.0,0.0,0.0,0.0,0.25,0.44,0.05,1.08,0.26,1.06,0.84
1,1.42,1.2,0.24,0.0,0.0,0.0,0.0,0.25,0.47,0.06,0.89,0.11,1.56,0.83
1,0.98,0.85,0.48,0.0,0.0,0.0,0.0,0.2,0.52,0.05,0.8,0.0,1.64,0.8
1,0.56,0.49,0.53,0.0,0.0,0.0,0.0,0.2,0.92,0.01,0.92,0.0,1.11,0.88
1,0.26,0.15,0.52,0.0,0.0,0.0,0.0,0.15,1.09,0.0,1.16,0.0,0.53,0.8
1,0.13,0.03,0.28,0.0,0.0,0.0,0.0,0.11,0.97,0.0,1.58,0.0,0.16,0.86
1,0.0,0.0,0.18,0.0,0.0,0.0,0.0,0.05,0.52,0.01,1.74,0.0,0.07,0.84
1,0.0,0.0,0.0,0.0,0.0,0.0,0.0,0.02,0.1,0.01,1.9,0.0,0.02,1.0
1,0.0,0.0,0.1,0.0,0.0,0.0,0.0,0.09,0.0,0.02,1.79,0.0,0.06,1.18
1,0.21,0.09,0.1,0.0,0.0,0.0,0.0,0.19,0.0,0.01,1.7,0.0,0.2,1.35
1,0.64,0.32,0.1,0.0,0.0,0.0,0.0,0.26,0.0,0.08,1.79,0.0,0.2,1.38
1,0.94,0.56,0.0,0.0,0.0,0.0,0.0,0.24,0.0,0.11,1.9,0.0,0.14,1.3
1,0.85,0.46,0.0,0.0,0.0,0.0,0.0,0.21,0.0,0.13,2.0,0.0,0.0,1.23
1,0.46,0.23,0.02,0.0,0.0,0.0,0.0,0.14,0.0,0.06,1.95,0.0,0.0,1.19
1,0.22,0.0,0.11,0.0,0.0,0.0,0.0,0.09,0.0,0.02,1.99,0.0,0.0,1.15
1,0.1,0.0,0.11,0.0,0.0,0.0,0.0,0.0,0.0,0.0,2.12,0.0,0.0,1.02
1,0.07,0.0,0.09,0.0,0.0,0.0,0.0,0.07,0.0,0.0,2.15,0.08,0.0,1.1
1,0.02,0.0,0.0,0.0,0.0,0.0,0.0,0.07,0.0,0.0,2.36,0.08,0.0,0.98
1,0.02,0.0,0.0,0.0,0.0,0.0,0.0,0.08,0.14,0.02,2.48,0.14,0.0,0.83
1,0.23,0.15,0.0,0.0,0.0,0.0,0.0,0.09,0.24,0.1,2.57,0.06,0.0,0.64
1,0.6,0.36,0.0,0.0,0.0,0.0,0.0,0.15,0.25,0.17,2.38,0.11,0.0,0.54
1,0.93,0.45,0.0,0.0,0.0,0.0,0.0,0.23,0.2,0.22,2.21,0.16,0.0,0.67
1,0.87,0.51,0.0,0.0,0.0,0.0,0.0,0.19,0.1,0.14,2.1,0.27,0.0,0.66
1,0.5,0.3,0.0,0.0,0.0,0.0,0.0,0.12,0.14,0.18,2.12,0.22,0.0,0.6
1,0.17,0.21,0.0,0.0,0.0,0.0,0.0,0.04,0.23,0.18,2.22,0.18,0.0,0.54
1,0.0,0.0,0.0,0.0,0.0,0.0,0.0,0.0,0.42,0.25,2.35,0.13,0.0,0.49
1,0.0,0.0,0.0,0.0,0.0,0.0,0.0,0.0,0.55,0.23,2.4,0.23,0.0,0.67
1,0.0,0.0,0.0,0.0,0.0,0.0,0.0,0.0,0.56,0.21,2.41,0.23,0.0,0.69
1,0.0,0.0,0.0,0.0,0.0,0.0,0.0,0.0,0.55,0.22,2.2,0.29,0.0,0.77
1,0.0,0.0,0.0,0.0,0.0,0.0,0.0,0.0,0.5,0.28,2.03,0.19,0.0,0.54
1,0.0,0.0,0.0,0.0,0.0,0.0,0.0,0.0,0.39,0.25,1.74,0.12,0.01,0.46
1,0.0,0.0,0.0,0.0,0.0,0.0,0.0,0.0,0.24,0.18,1.59,0.0,0.01,0.39
1,0.0,0.0,0.0,0.0,0.0,0.0,0.0,0.0,0.11,0.03,1.39,0.0,0.01,0.56
1,0.0,0.0,0.0,0.0,0.0,0.0,0.0,0.0,0.04,0.0,1.25,0.0,0.13,0.64
1,0.07,0.0,0.0,0.0,0.0,0.0,0.0,0.0,0.0,0.0,1.13,0.0,0.3,0.71
1,0.56,0.06,0.0,0.0,0.0,0.0,0.0,0.02,0.0,0.0,1.02,0.0,0.52,0.83
1,1.11,0.24,0.0,0.0,0.0,0.0,0.0,0.02,0.0,0.04,1.05,0.0,0.67,0.9
1,1.27,0.24,0.0,0.0,0.0,0.0,0.0,0.02,0.0,0.16,1.11,0.0,0.68,0.9
1,0.97,0.18,0.0,0.0,0.0,0.0,0.0,0.0,0.0,0.27,1.35,0.0,0.56,0.91
1,0.42,0.0,0.0,0.0,0.0,0.0,0.0,0.0,0.0,0.23,1.35,0.0,0.35,0.95
1,0.19,0.0,0.0,0.0,0.0,0.0,0.0,0.0,0.0,0.19,1.42,0.0,0.18,1.05
1,0.0,0.0,0.0,0.0,0.0,0.0,0.0,0.0,0.0,0.19,1.5,0.0,0.09,1.02
1,0.0,0.0,0.0,0.0,0.0,0.0,0.0,0.0,0.08,0.39,1.73,0.0,0.02,0.87
1,0.0,0.0,0.0,0.0,0.0,0.0,0.0,0.0,0.15,0.43,1.87,0.0,0.0,0.68
1,0.0,0.0,0.0,0.0,0.0,0.0,0.0,0.0,0.17,0.45,1.73,0.0,0.01,0.57
1,0.47,0.16,0.0,0.0,0.0,0.0,0.0,0.11,0.09,0.41,1.55,0.0,0.17,0.69
1,0.98,0.21,0.0,0.0,0.0,0.0,0.0,0.29,0.01,0.46,1.38,0.0,0.49,0.89
1,1.43,0.37,0.0,0.0,0.0,0.0,0.0,0.38,0.0,0.49,1.42,0.0,0.77,1.07
1,1.08,0.2,0.0,0.0,0.0,0.0,0.0,0.31,0.0,0.49,1.54,0.0,1.0,1.24
1,0.67,0.16,0.0,0.0,0.0,0.0,0.0,0.16,0.0,0.54,1.76,0.0,0.89,1.28
1,0.41,0.0,0.0,0.0,0.0,0.0,0.0,0.18,0.0,0.63,1.76,0.0,0.91,1.45
1,0.46,0.0,0.0,0.0,0.0,0.0,0.01,0.2,0.0,0.45,1.8,0.0,0.97,1.55
1,0.56,0.0,0.0,0.0,0.0,0.0,0.01,0.25,0.0,0.26,1.87,0.0,1.18,1.75
1,0.36,0.0,0.0,0.0,0.0,0.0,0.01,0.17,0.12,0.0,2.08,0.0,1.14,1.94
1,0.2,0.0,0.0,0.0,0.0,0.0,0.0,0.18,0.33,0.0,2.09,0.0,0.89,2.28
1,0.0,0.0,0.0,0.0,0.0,0.0,0.0,0.18,0.64,0.0,2.02,0.0,0.61,2.46
1,0.11,0.0,0.0,0.0,0.0,0.0,0.0,0.15,0.92,0.0,1.99,0.0,0.36,2.65
1,0.14,0.0,0.0,0.0,0.0,0.0,0.0,0.08,1.04,0.0,1.99,0.0,0.15,2.43
1,0.21,0.0,0.0,0.0,0.0,0.0,0.0,0.01,0.99,0.0,1.88,0.0,0.0,2.08
1,0.3,0.06,0.0,0.0,0.0,0.0,0.0,0.01,0.96,0.0,1.58,0.0,0.0,1.41
1,0.42,0.09,0.0,0.0,0.0,0.05,0.0,0.0,1.03,0.0,1.28,0.0,0.0,1.04
1,0.47,0.09,0.0,0.0,0.0,0.14,0.0,0.0,1.07,0.0,1.0,0.0,0.0,0.95
1,0.48,0.03,0.0,0.0,0.0,0.19,0.0,0.0,1.06,0.0,0.92,0.0,0.02,1.11
1,0.42,0.0,0.0,0.0,0.0,0.22,0.0,0.0,1.06,0.0,1.06,0.0,0.02,1.15
1,0.36,0.0,0.0,0.0,0.0,0.18,0.0,0.0,1.22,0.0,1.12,0.0,0.02,1.02
1,0.15,0.06,0.0,0.02,0.0,0.12,0.0,0.0,1.22,0.0,1.07,0.0,0.0,0.74
1,0.05,0.06,0.0,0.06,0.0,0.04,0.0,0.0,1.1,0.0,0.8,0.0,0.0,0.48
1,0.0,0.06,0.0,0.06,0.0,0.0,0.0,0.0,0.95,0.0,0.59,0.0,0.0,0.31
1,0.0,0.0,0.0,0.04,0.0,0.0,0.0,0.0,0.94,0.0,0.54,0.0,0.0,0.35
1,0.0,0.0,0.0,0.0,0.0,0.0,0.0,0.0,1.03,0.0,0.49,0.0,0.0,0.34
1,0.02,0.0,0.0,0.0,0.0,0.0,0.0,0.0,1.15,0.07,0.49,0.0,0.0,0.29
1,0.02,0.0,0.0,0.03,0.0,0.0,0.0,0.0,1.23,0.1,0.34,0.0,0.0,0.15
1,0.04,0.0,0.0,0.05,0.0,0.0,0.0,0.0,1.29,0.19,0.21,0.0,0.0,0.17
1,0.04,0.0,0.0,0.24,0.0,0.0,0.0,0.0,1.36,0.13,0.15,0.0,0.08,0.34
1,0.04,0.0,0.0,0.24,0.0,0.0,0.0,0.0,1.45,0.11,0.18,0.0,0.08,0.31
1,0.02,0.0,0.0,0.22,0.0,0.0,0.0,0.0,1.51,0.03,0.28,0.0,0.07,0.26
1,0.07,0.09,0.08,0.03,0.0,0.0,0.0,0.0,1.45,0.15,0.31,0.0,0.0,0.05
1,0.25,0.26,0.08,0.16,0.0,0.0,0.0,0.07,1.42,0.14,0.22,0.0,0.0,0.05
1,0.52,0.49,0.08,0.28,0.0,0.0,0.0,0.18,1.5,0.12,0.16,0.0,0.04,0.07
1,0.57,0.47,0.0,0.42,0.0,0.0,0.0,0.24,1.7,0.0,0.1,0.0,0.05,0.12
1,0.52,0.3,0.0,0.43,0.0,0.0,0.0,0.2,1.72,0.0,0.17,0.0,0.11,0.12
1,0.33,0.08,0.0,0.47,0.0,0.0,0.0,0.15,1.73,0.0,0.19,0.0,0.08,0.05
1,0.31,0.03,0.0,0.56,0.0,0.0,0.0,0.15,1.69,0.0,0.19,0.0,0.15,0.0
1,0.28,0.08,0.0,0.5,0.0,0.0,0.0,0.18,1.77,0.0,0.18,0.0,0.13,0.0
1,0.36,0.21,0.0,0.41,0.0,0.0,0.0,0.19,1.78,0.0,0.2,0.0,0.13,0.0
1,0.53,0.29,0.0,0.19,0.0,0.0,0.0,0.21,1.82,0.0,0.15,0.0,0.19,0.0
1,0.63,0.51,0.0,0.07,0.0,0.0,0.0,0.25,1.9,0.0,0.08,0.0,0.27,0.0
1,0.56,0.43,0.0,0.02,0.0,0.0,0.0,0.24,1.92,0.0,0.18,0.0,0.27,0.0
1,0.32,0.46,0.03,0.02,0.0,0.0,0.0,0.2,1.88,0.0,0.33,0.0,0.12,0.0
1,0.26,0.2,0.03,0.05,0.0,0.05,0.0,0.1,1.58,0.02,0.32,0.0,0.0,0.01
1,0.25,0.12,0.02,0.07,0.0,0.09,0.0,0.05,1.42,0.02,0.14,0.0,0.01,0.07
1,0.33,0.0,0.0,0.07,0.0,0.2,0.0,0.0,1.34,0.02,0.0,0.07,0.01,0.07
1,0.3,0.0,0.0,0.07,0.0,0.25,0.0,0.0,1.42,0.0,0.05,0.07,0.01,0.06
1,0.21,0.0,0.0,0.09,0.0,0.34,0.0,0.0,1.34,0.0,0.11,0.07,0.0,0.0
1,0.11,0.0,0.0,0.18,0.0,0.34,0.0,0.0,1.27,0.0,0.16,0.0,0.0,0.0
1,0.0,0.0,0.0,0.17,0.0,0.34,0.0,0.0,1.21,0.0,0.22,0.0,0.0,0.04
1,0.0,0.0,0.0,0.14,0.0,0.28,0.0,0.0,1.28,0.0,0.35,0.0,0.0,0.04
1,0.0,0.0,0.0,0.07,0.0,0.27,0.0,0.0,1.32,0.0,0.48,0.0,0.0,0.04
1,0.0,0.0,0.0,0.14,0.0,0.26,0.0,0.0,1.39,0.0,0.53,0.0,0.0,0.0
1,0.0,0.0,0.0,0.25,0.0,0.29,0.0,0.0,1.4,0.0,0.46,0.0,0.0,0.0
1,0.0,0.0,0.0,0.24,0.0,0.27,0.0,0.0,1.27,0.0,0.3,0.0,0.0,0.0
1,0.2,0.2,0.0,0.24,0.0,0.18,0.0,0.0,1.11,0.08,0.29,0.0,0.06,0.13
1,0.32,0.38,0.0,0.12,0.0,0.08,0.0,0.0,0.97,0.08,0.34,0.0,0.09,0.24
1,0.43,0.47,0.0,0.15,0.0,0.0,0.0,0.0,1.0,0.14,0.46,0.0,0.13,0.47
1,0.25,0.3,0.0,0.06,0.0,0.0,0.0,0.0,1.04,0.11,0.42,0.0,0.13,0.57
1,0.21,0.23,0.0,0.05,0.0,0.0,0.0,0.0,1.06,0.12,0.41,0.0,0.16,0.65
1,0.2,0.28,0.0,0.0,0.0,0.03,0.0,0.03,1.02,0.07,0.34,0.0,0.22,0.71
1,0.25,0.35,0.0,0.0,0.0,0.11,0.0,0.04,0.96,0.02,0.33,0.0,0.2,0.68
1,0.26,0.3,0.0,0.0,0.0,0.16,0.0,0.05,0.96,0.09,0.32,0.0,0.28,0.67
1,0.23,0.22,0.0,0.05,0.0,0.13,0.0,0.02,0.97,0.16,0.38,0.0,0.33,0.55
1,0.26,0.27,0.0,0.09,0.0,0.1,0.0,0.02,1.04,0.2,0.39,0.0,0.37,0.47
1,0.21,0.36,0.0,0.09,0.0,0.11,0.0,0.01,1.07,0.15,0.33,0.0,0.38,0.47
1,0.19,0.4,0.0,0.04,0.0,0.14,0.0,0.0,1.06,0.08,0.28,0.0,0.32,0.54
1,0.13,0.4,0.0,0.0,0.0,0.09,0.0,0.0,1.0,0.09,0.23,0.0,0.25,0.4
1,0.15,0.3,0.0,0.0,0.0,0.03,0.0,0.0,0.99,0.06,0.24,0.0,0.1,0.23
1,0.18,0.29,0.0,0.0,0.0,0.0,0.0,0.0,1.0,0.08,0.21,0.0,0.0,0.0
1,0.26,0.21,0.0,0.0,0.0,0.0,0.0,0.0,1.09,0.04,0.23,0.0,0.0,0.0
1,0.3,0.19,0.0,0.0,0.0,0.0,0.0,0.0,1.13,0.04,0.2,0.0,0.0,0.0
1,0.32,0.15,0.0,0.0,0.0,0.0,0.0,0.0,1.19,0.03,0.24,0.0,0.0,0.0
1,0.22,0.11,0.0,0.0,0.0,0.0,0.0,0.0,1.24,0.05,0.29,0.0,0.0,0.0
1,0.17,0.15,0.0,0.0,0.0,0.0,0.0,0.0,1.22,0.09,0.36,0.0,0.0,0.0
1,0.1,0.21,0.0,0.0,0.0,0.0,0.0,0.0,1.26,0.13,0.38,0.0,0.0,0.0
1,0.09,0.23,0.0,0.0,0.0,0.0,0.0,0.0,1.23,0.18,0.35,0.0,0.0,0.0
1,0.05,0.16,0.0,0.0,0.0,0.0,0.0,0.0,1.2,0.18,0.31,0.0,0.0,0.0
1,0.01,0.06,0.0,0.0,0.0,0.0,0.0,0.0,1.11,0.13,0.29,0.0,0.0,0.0
1,0.0,0.0,0.0,0.0,0.0,0.0,0.0,0.0,1.32,0.19,0.2,0.0,0.0,0.0
1,0.0,0.0,0.0,0.0,0.0,0.0,0.0,0.0,1.54,0.26,0.1,0.0,0.02,0.0
1,0.0,0.0,0.0,0.0,0.0,0.0,0.0,0.0,1.78,0.35,0.02,0.0,0.13,0.0
1,0.0,0.0,0.0,0.0,0.0,0.0,0.0,0.0,1.82,0.38,0.03,0.0,0.18,0.0
1,0.0,0.0,0.0,0.0,0.0,0.0,0.0,0.0,1.84,0.4,0.12,0.0,0.22,0.0
1,0.0,0.0,0.0,0.0,0.0,0.0,0.0,0.0,1.87,0.42,0.12,0.0,0.18,0.0
1,0.0,0.0,0.0,0.01,0.0,0.0,0.0,0.0,1.8,0.4,0.13,0.0,0.21,0.0
1,0.0,0.0,0.0,0.01,0.0,0.0,0.0,0.0,1.72,0.3,0.11,0.0,0.26,0.0
1,0.0,0.0,0.0,0.01,0.0,0.0,0.0,0.0,1.64,0.25,0.14,0.0,0.23,0.0
1,0.0,0.0,0.0,0.0,0.0,0.0,0.0,0.0,1.59,0.19,0.17,0.0,0.22,0.0
1,0.0,0.0,0.0,0.0,0.0,0.0,0.0,0.0,1.6,0.24,0.16,0.0,0.19,0.0
1,0.0,0.0,0.0,0.0,0.0,0.0,0.0,0.0,1.59,0.22,0.16,0.0,0.19,0.0
1,0.06,0.02,0.0,0.0,0.0,0.0,0.0,0.0,1.48,0.22,0.18,0.0,0.12,0.0
1,0.06,0.14,0.0,0.0,0.0,0.0,0.0,0.0,1.37,0.3,0.24,0.0,0.05,0.0
1,0.06,0.24,0.0,0.0,0.0,0.0,0.0,0.0,1.3,0.33,0.28,0.0,0.0,0.0
1,0.0,0.26,0.0,0.0,0.0,0.0,0.0,0.0,1.38,0.37,0.32,0.0,0.0,0.09
1,0.0,0.22,0.0,0.0,0.0,0.0,0.0,0.0,1.45,0.31,0.34,0.0,0.0,0.13
1,0.0,0.15,0.01,0.0,0.0,0.0,0.0,0.0,1.5,0.29,0.32,0.0,0.0,0.13
1,0.0,0.17,0.01,0.0,0.0,0.0,0.0,0.02,1.49,0.31,0.31,0.0,0.0,0.08
1,0.0,0.11,0.01,0.0,0.0,0.0,0.0,0.02,1.54,0.27,0.3,0.0,0.0,0.04
1,0.0,0.07,0.0,0.0,0.0,0.0,0.0,0.02,1.54,0.25,0.34,0.0,0.0,0.04
1,0.0,0.0,0.0,0.0,0.0,0.01,0.0,0.02,1.48,0.21,0.39,0.0,0.0,0.1
1,0.0,0.0,0.0,0.0,0.0,0.03,0.0,0.05,1.34,0.24,0.4,0.0,0.0,0.17
1,0.0,0.0,0.0,0.0,0.0,0.03,0.0,0.06,1.23,0.26,0.38,0.0,0.0,0.22
1,0.0,0.07,0.0,0.5,0.0,0.02,0.0,0.05,1.08,0.17,0.29,0.0,0.09,0.12
1,0.02,0.25,0.04,0.83,0.0,0.05,0.0,0.02,1.0,0.18,0.32,0.0,0.2,0.08
1,0.02,0.36,0.05,1.07,0.0,0.09,0.0,0.0,0.91,0.26,0.48,0.0,0.23,0.04
1,0.04,0.44,0.06,0.83,0.0,0.09,0.0,0.0,0.96,0.49,0.57,0.0,0.23,0.04
1,0.02,0.37,0.02,0.63,0.0,0.03,0.0,0.0,0.91,0.64,0.68,0.0,0.23,0.08
1,0.04,0.32,0.04,0.46,0.0,0.0,0.0,0.0,0.96,0.52,0.71,0.0,0.3,0.18
1,0.03,0.26,0.06,0.4,0.0,0.0,0.0,0.0,0.89,0.41,0.74,0.0,0.38,0.28
1,0.03,0.15,0.08,0.62,0.0,0.0,0.0,0.0,0.93,0.25,0.68,0.0,0.41,0.27
1,0.01,0.13,0.05,0.79,0.0,0.0,0.0,0.0,0.86,0.37,0.54,0.0,0.45,0.22
1,0.0,0.13,0.02,0.95,0.0,0.01,0.0,0.0,0.92,0.46,0.47,0.0,0.44,0.15
1,0.0,0.13,0.03,0.9,0.0,0.01,0.0,0.0,0.89,0.61,0.47,0.0,0.44,0.08
1,0.02,0.14,0.06,0.91,0.0,0.01,0.0,0.0,0.83,0.66,0.52,0.0,0.5,0.12
1,0.02,0.04,0.05,0.69,0.0,0.0,0.0,0.01,0.86,0.52,0.54,0.0,0.34,0.1
1,0.02,0.04,0.03,0.46,0.0,0.0,0.0,0.01,1.07,0.31,0.44,0.0,0.22,0.09
1,0.0,0.0,0.0,0.21,0.0,0.0,0.0,0.01,1.3,0.12,0.31,0.0,0.02,0.0
1,0.0,0.0,0.0,0.08,0.0,0.0,0.0,0.0,1.33,0.06,0.2,0.0,0.07,0.0
1,0.0,0.0,0.0,0.07,0.0,0.0,0.0,0.01,1.16,0.02,0.13,0.0,0.13,0.0
1,0.0,0.0,0.0,0.07,0.0,0.0,0.0,0.01,0.93,0.0,0.09,0.0,0.18,0.0
1,0.0,0.0,0.0,0.07,0.0,0.0,0.0,0.02,0.94,0.07,0.16,0.0,0.17,0.02
1,0.0,0.0,0.0,0.0,0.0,0.0,0.0,0.01,1.03,0.09,0.2,0.0,0.16,0.03
1,0.0,0.0,0.0,0.0,0.0,0.0,0.0,0.01,1.17,0.11,0.25,0.0,0.14,0.03
1,0.0,0.0,0.0,0.0,0.0,0.0,0.0,0.02,1.22,0.07,0.24,0.0,0.12,0.04
1,0.0,0.0,0.0,0.0,0.0,0.0,0.0,0.05,1.24,0.05,0.25,0.0,0.1,0.03
1,0.0,0.0,0.0,0.04,0.0,0.0,0.0,0.06,1.25,0.03,0.26,0.0,0.09,0.03
1,0.12,0.0,0.0,0.1,0.0,0.0,0.0,0.04,1.27,0.0,0.35,0.0,0.06,0.0
1,0.16,0.01,0.0,0.16,0.0,0.0,0.0,0.06,1.27,0.0,0.4,0.0,0.07,0.02
1,0.16,0.01,0.0,0.19,0.0,0.0,0.0,0.06,1.36,0.0,0.4,0.0,0.05,0.02
1,0.05,0.01,0.0,0.12,0.0,0.0,0.0,0.05,1.38,0.0,0.31,0.0,0.13,0.08
1,0.18,0.04,0.0,0.06,0.0,0.0,0.0,0.01,1.41,0.0,0.26,0.0,0.13,0.16
1,0.43,0.18,0.0,0.0,0.0,0.0,0.0,0.07,1.34,0.04,0.31,0.0,0.23,0.22
1,0.84,0.2,0.0,0.0,0.0,0.0,0.0,0.11,1.3,0.06,0.25,0.0,0.28,0.16
1,1.05,0.17,0.0,0.0,0.0,0.0,0.0,0.18,1.26,0.12,0.17,0.0,0.28,0.2
1,1.17,0.09,0.0,0.0,0.0,0.0,0.0,0.19,1.26,0.08,0.02,0.0,0.27,0.14
1,1.07,0.07,0.0,0.0,0.0,0.0,0.0,0.25,1.13,0.09,0.01,0.0,0.35,0.17
1,0.83,0.07,0.0,0.0,0.0,0.0,0.0,0.27,1.06,0.03,0.01,0.0,0.4,0.03
1,0.66,0.0,0.0,0.0,0.0,0.0,0.0,0.26,1.01,0.16,0.06,0.09,0.37,0.16
1,0.35,0.0,0.07,0.0,0.0,0.0,0.0,0.15,1.31,0.17,0.08,0.09,0.17,0.2
1,0.2,0.0,0.18,0.0,0.0,0.03,0.0,0.07,1.49,0.17,0.16,0.09,0.08,0.33
1,0.0,0.0,0.28,0.0,0.0,0.15,0.0,0.0,1.54,0.04,0.24,0.15,0.0,0.24
1,0.0,0.0,0.21,0.0,0.0,0.3,0.0,0.0,1.25,0.0,0.39,0.15,0.0,0.23
1,0.02,0.0,0.17,0.0,0.0,0.42,0.0,0.0,1.12,0.0,0.51,0.15,0.0,0.11
1,0.02,0.0,0.21,0.0,0.0,0.46,0.0,0.0,1.14,0.0,0.52,0.06,0.06,0.22
1,0.02,0.0,0.31,0.0,0.0,0.52,0.0,0.0,1.16,0.05,0.48,0.28,0.06,0.3
1,0.0,0.0,0.24,0.0,0.0,0.55,0.0,0.0,1.13,0.19,0.51,0.46,0.08,0.56
1,0.0,0.0,0.1,0.0,0.0,0.54,0.0,0.0,1.13,0.22,0.54,0.57,0.03,0.66
1,0.0,0.0,0.0,0.0,0.0,0.48,0.0,0.0,1.29,0.28,0.61,0.53,0.1,0.68
1,0.0,0.06,0.0,0.0,0.0,0.42,0.0,0.0,1.48,0.26,0.67,0.62,0.14,0.51
1,0.0,0.06,0.0,0.0,0.0,0.31,0.0,0.0,1.47,0.3,0.81,0.64,0.29,0.41
1,0.0,0.06,0.04,0.0,0.0,0.16,0.0,0.0,1.47,0.35,0.8,0.47,0.21,0.44
1,0.0,0.0,0.16,0.0,0.0,0.05,0.0,0.0,1.5,0.24,0.85,0.2,0.15,0.59
1,0.0,0.0,0.18,0.0,0.0,0.0,0.0,0.01,1.64,0.25,0.92,0.01,0.0,0.65
1,0.0,0.0,0.18,0.0,0.0,0.03,0.0,0.02,1.6,0.22,1.17,0.03,0.0,0.85
1,0.0,0.0,0.08,0.0,0.0,0.17,0.01,0.1,1.36,0.22,1.2,0.04,0.0,1.01
1,0.0,0.0,0.06,0.0,0.0,0.17,0.05,0.23,1.1,0.22,1.29,0.04,0.07,1.29
1,0.0,0.0,0.06,0.0,0.0,0.27,0.05,0.23,0.9,0.17,1.08,0.01,0.14,1.29
1,0.0,0.0,0.03,0.05,0.0,0.19,0.03,0.19,0.83,0.29,1.02,0.0,0.24,1.29
1,0.0,0.0,0.03,0.05,0.0,0.26,0.0,0.04,0.89,0.25,0.68,0.0,0.31,1.25
1,0.0,0.0,0.0,0.05,0.0,0.17,0.0,0.04,0.8,0.28,0.47,0.0,0.4,1.32
1,0.17,0.02,0.0,0.0,0.0,0.1,0.0,0.06,0.77,0.32,0.23,0.0,0.29,1.29
1,0.33,0.02,0.0,0.0,0.0,0.02,0.09,0.18,0.83,0.37,0.24,0.0,0.16,1.04
1,0.41,0.41,0.0,0.07,0.0,0.0,0.09,0.18,1.09,0.26,0.44,0.0,0.0,0.76
1,0.24,0.39,0.0,0.07,0.0,0.0,0.09,0.13,1.15,0.11,0.41,0.0,0.0,0.57
1,0.18,0.72,0.0,0.07,0.0,0.0,0.0,0.05,1.17,0.0,0.46,0.0,0.0,0.51
1,0.21,0.37,0.0,0.0,0.0,0.0,0.0,0.15,1.26,0.0,0.43,0.0,0.0,0.55
1,0.24,0.43,0.0,0.0,0.0,0.0,0.0,0.21,1.54,0.0,0.48,0.0,0.0,0.49
1,0.16,0.24,0.0,0.14,0.0,0.0,0.0,0.21,1.47,0.0,0.46,0.0,0.03,0.45
1,0.08,0.25,0.0,0.34,0.0,0.0,0.0,0.23,1.47,0.0,0.45,0.0,0.03,0.31
1,0.04,0.21,0.0,0.62,0.0,0.02,0.0,0.24,1.22,0.0,0.36,0.0,0.03,0.33
1,0.05,0.12,0.0,0.67,0.0,0.02,0.0,0.28,1.2,0.0,0.25,0.0,0.0,0.36
1,0.06,0.23,0.0,0.72,0.0,0.12,0.0,0.25,1.09,0.0,0.14,0.0,0.0,0.53
1,0.06,0.32,0.0,0.68,0.0,0.09,0.0,0.23,1.16,0.0,0.12,0.0,0.0,0.48
1,0.02,0.45,0.0,0.77,0.0,0.14,0.0,0.23,1.28,0.0,0.18,0.0,0.0,0.58
1,0.0,0.28,0.0,0.98,0.0,0.04,0.0,0.14,1.25,0.0,0.12,0.0,0.0,0.67
1,0.0,0.18,0.0,0.88,0.0,0.04,0.0,0.07,1.22,0.0,0.12,0.0,0.0,0.93
1,0.0,0.0,0.0,0.69,0.0,0.0,0.0,0.0,1.16,0.0,0.01,0.0,0.0,1.03
1,0.0,0.0,0.0,0.39,0.0,0.0,0.0,0.0,1.17,0.0,0.0,0.0,0.0,0.99
1,0.0,0.0,0.0,0.43,0.0,0.0,0.0,0.0,1.25,0.0,0.0,0.0,0.0,0.93
1,0.0,0.0,0.0,0.54,0.0,0.0,0.0,0.0,1.17,0.0,0.09,0.0,0.0,0.87
1,0.0,0.0,0.0,0.62,0.0,0.0,0.0,0.0,1.18,0.0,0.21,0.0,0.0,0.78
1,0.0,0.0,0.0,0.78,0.0,0.0,0.0,0.0,1.1,0.0,0.25,0.0,0.0,0.69
1,0.0,0.0,0.0,0.86,0.0,0.0,0.0,0.0,1.13,0.0,0.15,0.0,0.0,0.78
1,0.0,0.0,0.0,0.86,0.0,0.0,0.0,0.0,1.24,0.01,0.04,0.0,0.0,1.0
1,0.0,0.0,0.0,0.79,0.0,0.0,0.0,0.0,1.36,0.01,0.0,0.0,0.02,1.18
1,0.0,0.0,0.0,0.83,0.0,0.0,0.0,0.0,1.45,0.01,0.0,0.0,0.04,1.14
1,0.0,0.0,0.0,0.9,0.0,0.0,0.0,0.0,1.16,0.0,0.0,0.03,0.14,1.23
1,0.0,0.0,0.0,1.0,0.0,0.0,0.0,0.0,0.85,0.0,0.0,0.05,0.19,1.26
1,0.0,0.0,0.0,1.08,0.0,0.0,0.0,0.0,0.58,0.0,0.13,0.12,0.19,1.22
1,0.0,0.0,0.0,1.14,0.0,0.0,0.0,0.0,0.6,0.0,0.28,0.2,0.16,1.11
1,0.0,0.0,0.0,1.18,0.0,0.0,0.0,0.0,0.7,0.0,0.41,0.31,0.13,1.04
1,0.0,0.0,0.0,1.19,0.0,0.0,0.0,0.0,0.72,0.0,0.44,0.33,0.17,1.1
1,0.0,0.0,0.0,1.2,0.0,0.0,0.0,0.0,0.75,0.0,0.42,0.31,0.15,1.2
1,0.0,0.0,0.0,1.24,0.0,0.0,0.0,0.0,0.74,0.0,0.38,0.2,0.19,1.19
1,0.0,0.0,0.0,1.2,0.0,0.0,0.0,0.0,0.79,0.0,0.32,0.12,0.2,1.17
1,0.0,0.0,0.0,1.32,0.0,0.0,0.0,0.0,0.79,0.0,0.27,0.08,0.22,1.11
1,0.0,0.0,0.0,1.38,0.0,0.0,0.0,0.0,0.81,0.01,0.24,0.12,0.24,1.24
1,0.0,0.0,0.0,1.43,0.0,0.0,0.0,0.0,0.76,0.01,0.2,0.18,0.28,1.26
1,0.0,0.0,0.0,1.27,0.0,0.0,0.0,0.0,0.89,0.02,0.25,0.19,0.27,1.21
1,0.0,0.0,0.0,0.88,0.0,0.0,0.0,0.0,1.03,0.01,0.2,0.12,0.22,1.06
1,0.0,0.0,0.0,0.58,0.0,0.0,0.0,0.0,1.15,0.01,0.15,0.06,0.16,0.9
1,0.0,0.0,0.0,0.36,0.0,0.0,0.0,0.0,1.21,0.0,0.08,0.0,0.1,0.82
1,0.0,0.0,0.0,0.42,0.0,0.0,0.0,0.0,1.26,0.0,0.09,0.0,0.03,0.83
1,0.0,0.0,0.0,0.49,0.0,0.0,0.0,0.0,1.29,0.0,0.14,0.0,0.0,0.9
1,0.0,0.0,0.0,0.55,0.0,0.0,0.0,0.0,1.2,0.0,0.18,0.0,0.0,0.83
